,subject,problem,group,choice,samplesize,Lx0,Lp0,Lf0,Lx1,Lp1,Lf1,Hx0,Hp0,Hf0,Hx1,Hp1,Hf1
0,0,0,0,1,27,-0.3,0.96,0.933,-2.1,0.04,0.067,-0.3,1.0,1.0,0.0,0.0,0.0
1,1,0,0,1,17,-0.3,0.96,0.833,-2.1,0.04,0.167,-0.3,1.0,1.0,0.0,0.0,0.0
2,2,0,0,1,19,-0.3,0.96,0.818,-2.1,0.04,0.182,-0.3,1.0,1.0,0.0,0.0,0.0
3,3,0,0,1,68,-0.3,0.96,0.966,-2.1,0.04,0.034,-0.3,1.0,1.0,0.0,0.0,0.0
4,4,0,0,1,28,-0.3,0.96,0.938,-2.1,0.04,0.062,-0.3,1.0,1.0,0.0,0.0,0.0
5,5,0,0,1,3,-0.3,0.96,0.0,-2.1,0.04,1.0,-0.3,1.0,1.0,0.0,0.0,0.0
6,6,0,0,1,3,-0.3,0.96,0.0,-2.1,0.04,1.0,-0.3,1.0,1.0,0.0,0.0,0.0
7,7,0,0,1,28,-0.3,0.96,0.929,-2.1,0.04,0.071,-0.3,1.0,1.0,0.0,0.0,0.0
8,8,0,0,1,16,-0.3,0.96,0.8,-2.1,0.04,0.2,-0.3,1.0,1.0,0.0,0.0,0.0
9,9,0,0,1,31,-0.3,0.96,0.947,-2.1,0.04,0.053,-0.3,1.0,1.0,0.0,0.0,0.0
10,10,0,0,1,30,-0.3,0.96,0.9,-2.1,0.04,0.1,-0.3,1.0,1.0,0.0,0.0,0.0
11,11,0,0,1,23,-0.3,0.96,0.917,-2.1,0.04,0.083,-0.3,1.0,1.0,0.0,0.0,0.0
12,12,0,0,1,56,-0.3,0.96,0.964,-2.1,0.04,0.036,-0.3,1.0,1.0,0.0,0.0,0.0
13,13,0,0,1,19,-0.3,0.96,0.778,-2.1,0.04,0.222,-0.3,1.0,1.0,0.0,0.0,0.0
14,14,0,0,1,33,-0.3,0.96,0.929,-2.1,0.04,0.071,-0.3,1.0,1.0,0.0,0.0,0.0
15,15,0,0,1,58,-0.3,0.96,0.968,-2.1,0.04,0.032,-0.3,1.0,1.0,0.0,0.0,0.0
16,16,0,0,1,46,-0.3,0.96,0.955,-2.1,0.04,0.045,-0.3,1.0,1.0,0.0,0.0,0.0
17,17,0,0,1,87,-0.3,0.96,1.0,-2.1,0.04,0.0,-0.3,1.0,1.0,0.0,0.0,0.0
18,18,0,0,1,47,-0.3,0.96,0.964,-2.1,0.04,0.036,-0.3,1.0,1.0,0.0,0.0,0.0
19,19,0,0,1,31,-0.3,0.96,0.923,-2.1,0.04,0.077,-0.3,1.0,1.0,0.0,0.0,0.0
20,0,1,0,1,60,-0.9,0.95,1.0,-4.2,0.05,0.0,-1.0,1.0,1.0,0.0,0.0,0.0
21,1,1,0,1,7,-0.9,0.95,0.8,-4.2,0.05,0.2,-1.0,1.0,1.0,0.0,0.0,0.0
22,2,1,0,1,42,-0.9,0.95,0.941,-4.2,0.05,0.059,-1.0,1.0,1.0,0.0,0.0,0.0
23,3,1,0,1,62,-0.9,0.95,1.0,-4.2,0.05,0.0,-1.0,1.0,1.0,0.0,0.0,0.0
24,4,1,0,1,78,-0.9,0.95,1.0,-4.2,0.05,0.0,-1.0,1.0,1.0,0.0,0.0,0.0
25,5,1,0,1,55,-0.9,0.95,0.967,-4.2,0.05,0.033,-1.0,1.0,1.0,0.0,0.0,0.0
26,6,1,0,1,22,-0.9,0.95,0.917,-4.2,0.05,0.083,-1.0,1.0,1.0,0.0,0.0,0.0
27,7,1,0,1,16,-0.9,0.95,0.875,-4.2,0.05,0.125,-1.0,1.0,1.0,0.0,0.0,0.0
28,8,1,0,1,16,-0.9,0.95,0.875,-4.2,0.05,0.125,-1.0,1.0,1.0,0.0,0.0,0.0
29,9,1,0,1,86,-0.9,0.95,1.0,-4.2,0.05,0.0,-1.0,1.0,1.0,0.0,0.0,0.0
30,10,1,0,1,54,-0.9,0.95,0.952,-4.2,0.05,0.048,-1.0,1.0,1.0,0.0,0.0,0.0
31,11,1,0,1,43,-0.9,0.95,0.952,-4.2,0.05,0.048,-1.0,1.0,1.0,0.0,0.0,0.0
32,12,1,0,1,82,-0.9,0.95,0.978,-4.2,0.05,0.022,-1.0,1.0,1.0,0.0,0.0,0.0
33,13,1,0,1,26,-0.9,0.95,0.923,-4.2,0.05,0.077,-1.0,1.0,1.0,0.0,0.0,0.0
34,14,1,0,1,39,-0.9,0.95,0.947,-4.2,0.05,0.053,-1.0,1.0,1.0,0.0,0.0,0.0
35,15,1,0,1,83,-0.9,0.95,0.978,-4.2,0.05,0.022,-1.0,1.0,1.0,0.0,0.0,0.0
36,16,1,0,1,66,-0.9,0.95,0.972,-4.2,0.05,0.028,-1.0,1.0,1.0,0.0,0.0,0.0
37,17,1,0,1,10,-0.9,0.95,0.833,-4.2,0.05,0.167,-1.0,1.0,1.0,0.0,0.0,0.0
38,18,1,0,1,72,-0.9,0.95,1.0,-4.2,0.05,0.0,-1.0,1.0,1.0,0.0,0.0,0.0
39,19,1,0,1,40,-0.9,0.95,0.957,-4.2,0.05,0.043,-1.0,1.0,1.0,0.0,0.0,0.0
40,0,2,0,0,18,-6.3,0.3,0.222,-15.2,0.7,0.778,-12.2,1.0,1.0,0.0,0.0,0.0
41,1,2,0,0,23,-6.3,0.3,0.143,-15.2,0.7,0.857,-12.2,1.0,1.0,0.0,0.0,0.0
42,2,2,0,0,14,-6.3,0.3,0.286,-15.2,0.7,0.714,-12.2,1.0,1.0,0.0,0.0,0.0
43,3,2,0,0,9,-6.3,0.3,0.5,-15.2,0.7,0.5,-12.2,1.0,1.0,0.0,0.0,0.0
44,4,2,0,0,12,-6.3,0.3,0.333,-15.2,0.7,0.667,-12.2,1.0,1.0,0.0,0.0,0.0
45,5,2,0,0,10,-6.3,0.3,0.429,-15.2,0.7,0.571,-12.2,1.0,1.0,0.0,0.0,0.0
46,6,2,0,0,14,-6.3,0.3,0.286,-15.2,0.7,0.714,-12.2,1.0,1.0,0.0,0.0,0.0
47,7,2,0,0,6,-6.3,0.3,0.6,-15.2,0.7,0.4,-12.2,1.0,1.0,0.0,0.0,0.0
48,8,2,0,0,9,-6.3,0.3,0.5,-15.2,0.7,0.5,-12.2,1.0,1.0,0.0,0.0,0.0
49,9,2,0,0,10,-6.3,0.3,0.4,-15.2,0.7,0.6,-12.2,1.0,1.0,0.0,0.0,0.0
50,10,2,0,0,7,-6.3,0.3,1.0,-15.2,0.7,0.0,-12.2,1.0,1.0,0.0,0.0,0.0
51,11,2,0,0,10,-6.3,0.3,0.5,-15.2,0.7,0.5,-12.2,1.0,1.0,0.0,0.0,0.0
52,12,2,0,0,17,-6.3,0.3,0.25,-15.2,0.7,0.75,-12.2,1.0,1.0,0.0,0.0,0.0
53,13,2,0,0,18,-6.3,0.3,0.167,-15.2,0.7,0.833,-12.2,1.0,1.0,0.0,0.0,0.0
54,14,2,0,0,22,-6.3,0.3,0.2,-15.2,0.7,0.8,-12.2,1.0,1.0,0.0,0.0,0.0
55,15,2,0,0,12,-6.3,0.3,0.333,-15.2,0.7,0.667,-12.2,1.0,1.0,0.0,0.0,0.0
56,16,2,0,0,9,-6.3,0.3,0.5,-15.2,0.7,0.5,-12.2,1.0,1.0,0.0,0.0,0.0
57,17,2,0,0,12,-6.3,0.3,0.5,-15.2,0.7,0.5,-12.2,1.0,1.0,0.0,0.0,0.0
58,18,2,0,0,16,-6.3,0.3,0.2,-15.2,0.7,0.8,-12.2,1.0,1.0,0.0,0.0,0.0
59,19,2,0,0,21,-6.3,0.3,0.182,-15.2,0.7,0.818,-12.2,1.0,1.0,0.0,0.0,0.0
60,0,3,0,1,5,-25.6,1.0,1.0,0.0,0.0,0.0,-10.0,0.2,0.0,-29.2,0.8,1.0
61,1,3,0,1,4,-25.6,1.0,1.0,0.0,0.0,0.0,-10.0,0.2,0.5,-29.2,0.8,0.5
62,2,3,0,1,2,-25.6,1.0,1.0,0.0,0.0,0.0,-10.0,0.2,1.0,-29.2,0.8,0.0
63,3,3,0,1,4,-25.6,1.0,1.0,0.0,0.0,0.0,-10.0,0.2,0.0,-29.2,0.8,1.0
64,4,3,0,1,2,-25.6,1.0,1.0,0.0,0.0,0.0,-10.0,0.2,1.0,-29.2,0.8,0.0
65,5,3,0,1,4,-25.6,1.0,1.0,0.0,0.0,0.0,-10.0,0.2,0.5,-29.2,0.8,0.5
66,6,3,0,1,2,-25.6,1.0,1.0,0.0,0.0,0.0,-10.0,0.2,1.0,-29.2,0.8,0.0
67,7,3,0,1,5,-25.6,1.0,1.0,0.0,0.0,0.0,-10.0,0.2,0.0,-29.2,0.8,1.0
68,8,3,0,1,5,-25.6,1.0,1.0,0.0,0.0,0.0,-10.0,0.2,0.0,-29.2,0.8,1.0
69,9,3,0,1,2,-25.6,1.0,1.0,0.0,0.0,0.0,-10.0,0.2,1.0,-29.2,0.8,0.0
70,10,3,0,1,5,-25.6,1.0,1.0,0.0,0.0,0.0,-10.0,0.2,0.0,-29.2,0.8,1.0
71,11,3,0,1,5,-25.6,1.0,1.0,0.0,0.0,0.0,-10.0,0.2,0.333,-29.2,0.8,0.667
72,12,3,0,1,4,-25.6,1.0,1.0,0.0,0.0,0.0,-10.0,0.2,0.0,-29.2,0.8,1.0
73,13,3,0,1,2,-25.6,1.0,1.0,0.0,0.0,0.0,-10.0,0.2,1.0,-29.2,0.8,0.0
74,14,3,0,1,4,-25.6,1.0,1.0,0.0,0.0,0.0,-10.0,0.2,0.0,-29.2,0.8,1.0
75,15,3,0,1,3,-25.6,1.0,1.0,0.0,0.0,0.0,-10.0,0.2,0.5,-29.2,0.8,0.5
76,16,3,0,1,4,-25.6,1.0,1.0,0.0,0.0,0.0,-10.0,0.2,0.5,-29.2,0.8,0.5
77,17,3,0,1,3,-25.6,1.0,1.0,0.0,0.0,0.0,-10.0,0.2,0.5,-29.2,0.8,0.5
78,18,3,0,1,5,-25.6,1.0,1.0,0.0,0.0,0.0,-10.0,0.2,0.0,-29.2,0.8,1.0
79,19,3,0,1,4,-25.6,1.0,1.0,0.0,0.0,0.0,-10.0,0.2,0.0,-29.2,0.8,1.0
80,0,4,0,1,23,-1.7,0.9,0.833,-3.9,0.1,0.167,-1.9,1.0,1.0,0.0,0.0,0.0
81,1,4,0,1,16,-1.7,0.9,0.667,-3.9,0.1,0.333,-1.9,1.0,1.0,0.0,0.0,0.0
82,2,4,0,1,41,-1.7,0.9,0.875,-3.9,0.1,0.125,-1.9,1.0,1.0,0.0,0.0,0.0
83,3,4,0,1,38,-1.7,0.9,0.867,-3.9,0.1,0.133,-1.9,1.0,1.0,0.0,0.0,0.0
84,4,4,0,1,6,-1.7,0.9,0.333,-3.9,0.1,0.667,-1.9,1.0,1.0,0.0,0.0,0.0
85,5,4,0,1,24,-1.7,0.9,0.833,-3.9,0.1,0.167,-1.9,1.0,1.0,0.0,0.0,0.0
86,6,4,0,1,36,-1.7,0.9,0.889,-3.9,0.1,0.111,-1.9,1.0,1.0,0.0,0.0,0.0
87,7,4,0,1,18,-1.7,0.9,0.667,-3.9,0.1,0.333,-1.9,1.0,1.0,0.0,0.0,0.0
88,8,4,0,1,55,-1.7,0.9,0.909,-3.9,0.1,0.091,-1.9,1.0,1.0,0.0,0.0,0.0
89,9,4,0,1,28,-1.7,0.9,0.867,-3.9,0.1,0.133,-1.9,1.0,1.0,0.0,0.0,0.0
90,10,4,0,1,187,-1.7,0.9,0.955,-3.9,0.1,0.045,-1.9,1.0,1.0,0.0,0.0,0.0
91,11,4,0,1,49,-1.7,0.9,0.88,-3.9,0.1,0.12,-1.9,1.0,1.0,0.0,0.0,0.0
92,12,4,0,1,31,-1.7,0.9,0.875,-3.9,0.1,0.125,-1.9,1.0,1.0,0.0,0.0,0.0
93,13,4,0,1,29,-1.7,0.9,0.778,-3.9,0.1,0.222,-1.9,1.0,1.0,0.0,0.0,0.0
94,14,4,0,1,14,-1.7,0.9,0.714,-3.9,0.1,0.286,-1.9,1.0,1.0,0.0,0.0,0.0
95,15,4,0,1,44,-1.7,0.9,0.875,-3.9,0.1,0.125,-1.9,1.0,1.0,0.0,0.0,0.0
96,16,4,0,1,30,-1.7,0.9,0.875,-3.9,0.1,0.125,-1.9,1.0,1.0,0.0,0.0,0.0
97,17,4,0,1,55,-1.7,0.9,0.897,-3.9,0.1,0.103,-1.9,1.0,1.0,0.0,0.0,0.0
98,18,4,0,1,4,-1.7,0.9,0.0,-3.9,0.1,1.0,-1.9,1.0,1.0,0.0,0.0,0.0
99,19,4,0,1,45,-1.7,0.9,0.889,-3.9,0.1,0.111,-1.9,1.0,1.0,0.0,0.0,0.0
100,0,5,0,0,19,-6.4,1.0,1.0,0.0,0.0,0.0,-6.3,0.99,0.909,-15.7,0.01,0.091
101,1,5,0,0,30,-6.4,1.0,1.0,0.0,0.0,0.0,-6.3,0.99,1.0,-15.7,0.01,0.0
102,2,5,0,0,20,-6.4,1.0,1.0,0.0,0.0,0.0,-6.3,0.99,0.909,-15.7,0.01,0.091
103,3,5,0,0,109,-6.4,1.0,1.0,0.0,0.0,0.0,-6.3,0.99,0.983,-15.7,0.01,0.017
104,4,5,0,0,105,-6.4,1.0,1.0,0.0,0.0,0.0,-6.3,0.99,1.0,-15.7,0.01,0.0
105,5,5,0,0,30,-6.4,1.0,1.0,0.0,0.0,0.0,-6.3,0.99,1.0,-15.7,0.01,0.0
106,6,5,0,0,112,-6.4,1.0,1.0,0.0,0.0,0.0,-6.3,0.99,0.982,-15.7,0.01,0.018
107,7,5,0,0,36,-6.4,1.0,1.0,0.0,0.0,0.0,-6.3,0.99,1.0,-15.7,0.01,0.0
108,8,5,0,0,21,-6.4,1.0,1.0,0.0,0.0,0.0,-6.3,0.99,0.875,-15.7,0.01,0.125
109,9,5,0,0,109,-6.4,1.0,1.0,0.0,0.0,0.0,-6.3,0.99,1.0,-15.7,0.01,0.0
110,10,5,0,0,169,-6.4,1.0,1.0,0.0,0.0,0.0,-6.3,0.99,0.989,-15.7,0.01,0.011
111,11,5,0,0,105,-6.4,1.0,1.0,0.0,0.0,0.0,-6.3,0.99,1.0,-15.7,0.01,0.0
112,12,5,0,0,151,-6.4,1.0,1.0,0.0,0.0,0.0,-6.3,0.99,1.0,-15.7,0.01,0.0
113,13,5,0,0,16,-6.4,1.0,1.0,0.0,0.0,0.0,-6.3,0.99,0.889,-15.7,0.01,0.111
114,14,5,0,0,200,-6.4,1.0,1.0,0.0,0.0,0.0,-6.3,0.99,1.0,-15.7,0.01,0.0
115,15,5,0,0,67,-6.4,1.0,1.0,0.0,0.0,0.0,-6.3,0.99,1.0,-15.7,0.01,0.0
116,16,5,0,0,41,-6.4,1.0,1.0,0.0,0.0,0.0,-6.3,0.99,1.0,-15.7,0.01,0.0
117,17,5,0,0,200,-6.4,1.0,1.0,0.0,0.0,0.0,-6.3,0.99,1.0,-15.7,0.01,0.0
118,18,5,0,0,29,-6.4,1.0,1.0,0.0,0.0,0.0,-6.3,0.99,1.0,-15.7,0.01,0.0
119,19,5,0,0,54,-6.4,1.0,1.0,0.0,0.0,0.0,-6.3,0.99,1.0,-15.7,0.01,0.0
120,0,6,0,0,6,-11.7,1.0,1.0,0.0,0.0,0.0,-5.6,0.7,0.333,-20.2,0.3,0.667
121,1,6,0,1,4,-11.7,1.0,1.0,0.0,0.0,0.0,-5.6,0.7,1.0,-20.2,0.3,0.0
122,2,6,0,0,5,-11.7,1.0,1.0,0.0,0.0,0.0,-5.6,0.7,0.333,-20.2,0.3,0.667
123,3,6,0,1,3,-11.7,1.0,1.0,0.0,0.0,0.0,-5.6,0.7,1.0,-20.2,0.3,0.0
124,4,6,0,1,4,-11.7,1.0,1.0,0.0,0.0,0.0,-5.6,0.7,1.0,-20.2,0.3,0.0
125,5,6,0,1,4,-11.7,1.0,1.0,0.0,0.0,0.0,-5.6,0.7,1.0,-20.2,0.3,0.0
126,6,6,0,0,3,-11.7,1.0,1.0,0.0,0.0,0.0,-5.6,0.7,0.0,-20.2,0.3,1.0
127,7,6,0,0,4,-11.7,1.0,1.0,0.0,0.0,0.0,-5.6,0.7,0.0,-20.2,0.3,1.0
128,8,6,0,1,3,-11.7,1.0,1.0,0.0,0.0,0.0,-5.6,0.7,1.0,-20.2,0.3,0.0
129,9,6,0,1,3,-11.7,1.0,1.0,0.0,0.0,0.0,-5.6,0.7,1.0,-20.2,0.3,0.0
130,10,6,0,1,9,-11.7,1.0,1.0,0.0,0.0,0.0,-5.6,0.7,0.75,-20.2,0.3,0.25
131,11,6,0,1,9,-11.7,1.0,1.0,0.0,0.0,0.0,-5.6,0.7,0.667,-20.2,0.3,0.333
132,12,6,0,1,4,-11.7,1.0,1.0,0.0,0.0,0.0,-5.6,0.7,1.0,-20.2,0.3,0.0
133,13,6,0,1,4,-11.7,1.0,1.0,0.0,0.0,0.0,-5.6,0.7,1.0,-20.2,0.3,0.0
134,14,6,0,1,4,-11.7,1.0,1.0,0.0,0.0,0.0,-5.6,0.7,1.0,-20.2,0.3,0.0
135,15,6,0,1,9,-11.7,1.0,1.0,0.0,0.0,0.0,-5.6,0.7,0.75,-20.2,0.3,0.25
136,16,6,0,1,5,-11.7,1.0,1.0,0.0,0.0,0.0,-5.6,0.7,0.75,-20.2,0.3,0.25
137,17,6,0,0,3,-11.7,1.0,1.0,0.0,0.0,0.0,-5.6,0.7,0.0,-20.2,0.3,1.0
138,18,6,0,1,3,-11.7,1.0,1.0,0.0,0.0,0.0,-5.6,0.7,1.0,-20.2,0.3,0.0
139,19,6,0,1,3,-11.7,1.0,1.0,0.0,0.0,0.0,-5.6,0.7,1.0,-20.2,0.3,0.0
140,0,7,0,1,9,-6.0,1.0,1.0,0.0,0.0,0.0,-0.7,0.1,0.167,-6.5,0.9,0.833
141,1,7,0,1,14,-6.0,1.0,1.0,0.0,0.0,0.0,-0.7,0.1,0.0,-6.5,0.9,1.0
142,2,7,0,1,14,-6.0,1.0,1.0,0.0,0.0,0.0,-0.7,0.1,0.0,-6.5,0.9,1.0
143,3,7,0,1,14,-6.0,1.0,1.0,0.0,0.0,0.0,-0.7,0.1,0.0,-6.5,0.9,1.0
144,4,7,0,1,15,-6.0,1.0,1.0,0.0,0.0,0.0,-0.7,0.1,0.0,-6.5,0.9,1.0
145,5,7,0,1,8,-6.0,1.0,1.0,0.0,0.0,0.0,-0.7,0.1,0.5,-6.5,0.9,0.5
146,6,7,0,1,10,-6.0,1.0,1.0,0.0,0.0,0.0,-0.7,0.1,0.2,-6.5,0.9,0.8
147,7,7,0,1,17,-6.0,1.0,1.0,0.0,0.0,0.0,-0.7,0.1,0.0,-6.5,0.9,1.0
148,8,7,0,1,18,-6.0,1.0,1.0,0.0,0.0,0.0,-0.7,0.1,0.0,-6.5,0.9,1.0
149,9,7,0,1,10,-6.0,1.0,1.0,0.0,0.0,0.0,-0.7,0.1,0.25,-6.5,0.9,0.75
150,10,7,0,1,17,-6.0,1.0,1.0,0.0,0.0,0.0,-0.7,0.1,0.0,-6.5,0.9,1.0
151,11,7,0,1,9,-6.0,1.0,1.0,0.0,0.0,0.0,-0.7,0.1,0.2,-6.5,0.9,0.8
152,12,7,0,1,9,-6.0,1.0,1.0,0.0,0.0,0.0,-0.7,0.1,0.167,-6.5,0.9,0.833
153,13,7,0,1,11,-6.0,1.0,1.0,0.0,0.0,0.0,-0.7,0.1,0.167,-6.5,0.9,0.833
154,14,7,0,1,15,-6.0,1.0,1.0,0.0,0.0,0.0,-0.7,0.1,0.0,-6.5,0.9,1.0
155,15,7,0,1,9,-6.0,1.0,1.0,0.0,0.0,0.0,-0.7,0.1,0.25,-6.5,0.9,0.75
156,16,7,0,1,7,-6.0,1.0,1.0,0.0,0.0,0.0,-0.7,0.1,0.4,-6.5,0.9,0.6
157,17,7,0,1,15,-6.0,1.0,1.0,0.0,0.0,0.0,-0.7,0.1,0.0,-6.5,0.9,1.0
158,18,7,0,1,16,-6.0,1.0,1.0,0.0,0.0,0.0,-0.7,0.1,0.0,-6.5,0.9,1.0
159,19,7,0,1,14,-6.0,1.0,1.0,0.0,0.0,0.0,-0.7,0.1,0.0,-6.5,0.9,1.0
160,0,8,0,1,89,-5.7,0.95,0.979,-16.3,0.05,0.021,-6.1,1.0,1.0,0.0,0.0,0.0
161,1,8,0,1,23,-5.7,0.95,1.0,-16.3,0.05,0.0,-6.1,1.0,1.0,0.0,0.0,0.0
162,2,8,0,1,25,-5.7,0.95,0.909,-16.3,0.05,0.091,-6.1,1.0,1.0,0.0,0.0,0.0
163,3,8,0,1,12,-5.7,0.95,1.0,-16.3,0.05,0.0,-6.1,1.0,1.0,0.0,0.0,0.0
164,4,8,0,1,36,-5.7,0.95,0.938,-16.3,0.05,0.062,-6.1,1.0,1.0,0.0,0.0,0.0
165,5,8,0,1,53,-5.7,0.95,1.0,-16.3,0.05,0.0,-6.1,1.0,1.0,0.0,0.0,0.0
166,6,8,0,1,7,-5.7,0.95,0.667,-16.3,0.05,0.333,-6.1,1.0,1.0,0.0,0.0,0.0
167,7,8,0,1,14,-5.7,0.95,1.0,-16.3,0.05,0.0,-6.1,1.0,1.0,0.0,0.0,0.0
168,8,8,0,1,18,-5.7,0.95,0.923,-16.3,0.05,0.077,-6.1,1.0,1.0,0.0,0.0,0.0
169,9,8,0,1,45,-5.7,0.95,1.0,-16.3,0.05,0.0,-6.1,1.0,1.0,0.0,0.0,0.0
170,10,8,0,1,9,-5.7,0.95,0.833,-16.3,0.05,0.167,-6.1,1.0,1.0,0.0,0.0,0.0
171,11,8,0,1,20,-5.7,0.95,1.0,-16.3,0.05,0.0,-6.1,1.0,1.0,0.0,0.0,0.0
172,12,8,0,1,5,-5.7,0.95,0.667,-16.3,0.05,0.333,-6.1,1.0,1.0,0.0,0.0,0.0
173,13,8,0,1,71,-5.7,0.95,1.0,-16.3,0.05,0.0,-6.1,1.0,1.0,0.0,0.0,0.0
174,14,8,0,1,4,-5.7,0.95,0.5,-16.3,0.05,0.5,-6.1,1.0,1.0,0.0,0.0,0.0
175,15,8,0,1,18,-5.7,0.95,0.909,-16.3,0.05,0.091,-6.1,1.0,1.0,0.0,0.0,0.0
176,16,8,0,1,36,-5.7,0.95,1.0,-16.3,0.05,0.0,-6.1,1.0,1.0,0.0,0.0,0.0
177,17,8,0,1,16,-5.7,0.95,1.0,-16.3,0.05,0.0,-6.1,1.0,1.0,0.0,0.0,0.0
178,18,8,0,1,16,-5.7,0.95,1.0,-16.3,0.05,0.0,-6.1,1.0,1.0,0.0,0.0,0.0
179,19,8,0,1,16,-5.7,0.95,0.875,-16.3,0.05,0.125,-6.1,1.0,1.0,0.0,0.0,0.0
180,0,9,0,1,29,-1.5,0.92,0.929,-6.4,0.08,0.071,-1.8,1.0,1.0,0.0,0.0,0.0
181,1,9,0,1,17,-1.5,0.92,0.875,-6.4,0.08,0.125,-1.8,1.0,1.0,0.0,0.0,0.0
182,2,9,0,1,16,-1.5,0.92,0.857,-6.4,0.08,0.143,-1.8,1.0,1.0,0.0,0.0,0.0
183,3,9,0,1,13,-1.5,0.92,0.857,-6.4,0.08,0.143,-1.8,1.0,1.0,0.0,0.0,0.0
184,4,9,0,1,7,-1.5,0.92,0.75,-6.4,0.08,0.25,-1.8,1.0,1.0,0.0,0.0,0.0
185,5,9,0,1,5,-1.5,0.92,0.5,-6.4,0.08,0.5,-1.8,1.0,1.0,0.0,0.0,0.0
186,6,9,0,1,65,-1.5,0.92,0.973,-6.4,0.08,0.027,-1.8,1.0,1.0,0.0,0.0,0.0
187,7,9,0,1,2,-1.5,0.92,0.0,-6.4,0.08,1.0,-1.8,1.0,1.0,0.0,0.0,0.0
188,8,9,0,1,10,-1.5,0.92,0.75,-6.4,0.08,0.25,-1.8,1.0,1.0,0.0,0.0,0.0
189,9,9,0,1,19,-1.5,0.92,0.889,-6.4,0.08,0.111,-1.8,1.0,1.0,0.0,0.0,0.0
190,10,9,0,1,6,-1.5,0.92,0.5,-6.4,0.08,0.5,-1.8,1.0,1.0,0.0,0.0,0.0
191,11,9,0,1,33,-1.5,0.92,0.933,-6.4,0.08,0.067,-1.8,1.0,1.0,0.0,0.0,0.0
192,12,9,0,1,35,-1.5,0.92,1.0,-6.4,0.08,0.0,-1.8,1.0,1.0,0.0,0.0,0.0
193,13,9,0,1,2,-1.5,0.92,0.0,-6.4,0.08,1.0,-1.8,1.0,1.0,0.0,0.0,0.0
194,14,9,0,1,12,-1.5,0.92,0.9,-6.4,0.08,0.1,-1.8,1.0,1.0,0.0,0.0,0.0
195,15,9,0,1,44,-1.5,0.92,0.957,-6.4,0.08,0.043,-1.8,1.0,1.0,0.0,0.0,0.0
196,16,9,0,1,34,-1.5,0.92,0.929,-6.4,0.08,0.071,-1.8,1.0,1.0,0.0,0.0,0.0
197,17,9,0,1,4,-1.5,0.92,0.667,-6.4,0.08,0.333,-1.8,1.0,1.0,0.0,0.0,0.0
198,18,9,0,1,8,-1.5,0.92,0.667,-6.4,0.08,0.333,-1.8,1.0,1.0,0.0,0.0,0.0
199,19,9,0,1,24,-1.5,0.92,0.917,-6.4,0.08,0.083,-1.8,1.0,1.0,0.0,0.0,0.0
200,0,10,0,1,13,-12.1,1.0,1.0,0.0,0.0,0.0,-1.2,0.02,0.0,-12.3,0.98,1.0
201,1,10,0,1,12,-12.1,1.0,1.0,0.0,0.0,0.0,-1.2,0.02,0.0,-12.3,0.98,1.0
202,2,10,0,1,12,-12.1,1.0,1.0,0.0,0.0,0.0,-1.2,0.02,0.0,-12.3,0.98,1.0
203,3,10,0,1,12,-12.1,1.0,1.0,0.0,0.0,0.0,-1.2,0.02,0.0,-12.3,0.98,1.0
204,4,10,0,1,13,-12.1,1.0,1.0,0.0,0.0,0.0,-1.2,0.02,0.0,-12.3,0.98,1.0
205,5,10,0,1,13,-12.1,1.0,1.0,0.0,0.0,0.0,-1.2,0.02,0.0,-12.3,0.98,1.0
206,6,10,0,1,12,-12.1,1.0,1.0,0.0,0.0,0.0,-1.2,0.02,0.0,-12.3,0.98,1.0
207,7,10,0,1,13,-12.1,1.0,1.0,0.0,0.0,0.0,-1.2,0.02,0.0,-12.3,0.98,1.0
208,8,10,0,1,13,-12.1,1.0,1.0,0.0,0.0,0.0,-1.2,0.02,0.0,-12.3,0.98,1.0
209,9,10,0,1,12,-12.1,1.0,1.0,0.0,0.0,0.0,-1.2,0.02,0.0,-12.3,0.98,1.0
210,10,10,0,1,13,-12.1,1.0,1.0,0.0,0.0,0.0,-1.2,0.02,0.0,-12.3,0.98,1.0
211,11,10,0,1,12,-12.1,1.0,1.0,0.0,0.0,0.0,-1.2,0.02,0.0,-12.3,0.98,1.0
212,12,10,0,1,13,-12.1,1.0,1.0,0.0,0.0,0.0,-1.2,0.02,0.0,-12.3,0.98,1.0
213,13,10,0,1,12,-12.1,1.0,1.0,0.0,0.0,0.0,-1.2,0.02,0.0,-12.3,0.98,1.0
214,14,10,0,1,13,-12.1,1.0,1.0,0.0,0.0,0.0,-1.2,0.02,0.0,-12.3,0.98,1.0
215,15,10,0,1,13,-12.1,1.0,1.0,0.0,0.0,0.0,-1.2,0.02,0.0,-12.3,0.98,1.0
216,16,10,0,1,13,-12.1,1.0,1.0,0.0,0.0,0.0,-1.2,0.02,0.0,-12.3,0.98,1.0
217,17,10,0,1,13,-12.1,1.0,1.0,0.0,0.0,0.0,-1.2,0.02,0.0,-12.3,0.98,1.0
218,18,10,0,1,12,-12.1,1.0,1.0,0.0,0.0,0.0,-1.2,0.02,0.0,-12.3,0.98,1.0
219,19,10,0,1,12,-12.1,1.0,1.0,0.0,0.0,0.0,-1.2,0.02,0.0,-12.3,0.98,1.0
220,0,11,0,0,6,-6.4,1.0,1.0,0.0,0.0,0.0,-5.4,0.94,0.667,-16.8,0.06,0.333
221,1,11,0,0,4,-6.4,1.0,1.0,0.0,0.0,0.0,-5.4,0.94,0.667,-16.8,0.06,0.333
222,2,11,0,1,17,-6.4,1.0,1.0,0.0,0.0,0.0,-5.4,0.94,1.0,-16.8,0.06,0.0
223,3,11,0,1,26,-6.4,1.0,1.0,0.0,0.0,0.0,-5.4,0.94,1.0,-16.8,0.06,0.0
224,4,11,0,0,11,-6.4,1.0,1.0,0.0,0.0,0.0,-5.4,0.94,0.833,-16.8,0.06,0.167
225,5,11,0,1,15,-6.4,1.0,1.0,0.0,0.0,0.0,-5.4,0.94,1.0,-16.8,0.06,0.0
226,6,11,0,0,12,-6.4,1.0,1.0,0.0,0.0,0.0,-5.4,0.94,0.8,-16.8,0.06,0.2
227,7,11,0,0,22,-6.4,1.0,1.0,0.0,0.0,0.0,-5.4,0.94,0.875,-16.8,0.06,0.125
228,8,11,0,0,18,-6.4,1.0,1.0,0.0,0.0,0.0,-5.4,0.94,0.9,-16.8,0.06,0.1
229,9,11,0,1,15,-6.4,1.0,1.0,0.0,0.0,0.0,-5.4,0.94,1.0,-16.8,0.06,0.0
230,10,11,0,1,54,-6.4,1.0,1.0,0.0,0.0,0.0,-5.4,0.94,1.0,-16.8,0.06,0.0
231,11,11,0,0,3,-6.4,1.0,1.0,0.0,0.0,0.0,-5.4,0.94,0.5,-16.8,0.06,0.5
232,12,11,0,0,4,-6.4,1.0,1.0,0.0,0.0,0.0,-5.4,0.94,0.667,-16.8,0.06,0.333
233,13,11,0,1,12,-6.4,1.0,1.0,0.0,0.0,0.0,-5.4,0.94,1.0,-16.8,0.06,0.0
234,14,11,0,0,2,-6.4,1.0,1.0,0.0,0.0,0.0,-5.4,0.94,0.0,-16.8,0.06,1.0
235,15,11,0,1,12,-6.4,1.0,1.0,0.0,0.0,0.0,-5.4,0.94,1.0,-16.8,0.06,0.0
236,16,11,0,0,59,-6.4,1.0,1.0,0.0,0.0,0.0,-5.4,0.94,0.958,-16.8,0.06,0.042
237,17,11,0,1,17,-6.4,1.0,1.0,0.0,0.0,0.0,-5.4,0.94,1.0,-16.8,0.06,0.0
238,18,11,0,0,33,-6.4,1.0,1.0,0.0,0.0,0.0,-5.4,0.94,0.933,-16.8,0.06,0.067
239,19,11,0,0,20,-6.4,1.0,1.0,0.0,0.0,0.0,-5.4,0.94,0.9,-16.8,0.06,0.1
240,0,12,0,0,16,-2.0,0.05,0.222,-10.4,0.95,0.778,-9.4,1.0,1.0,0.0,0.0,0.0
241,1,12,0,0,25,-2.0,0.05,0.1,-10.4,0.95,0.9,-9.4,1.0,1.0,0.0,0.0,0.0
242,2,12,0,0,44,-2.0,0.05,0.0,-10.4,0.95,1.0,-9.4,1.0,1.0,0.0,0.0,0.0
243,3,12,0,0,43,-2.0,0.05,0.0,-10.4,0.95,1.0,-9.4,1.0,1.0,0.0,0.0,0.0
244,4,12,0,0,40,-2.0,0.05,0.0,-10.4,0.95,1.0,-9.4,1.0,1.0,0.0,0.0,0.0
245,5,12,0,0,28,-2.0,0.05,0.062,-10.4,0.95,0.938,-9.4,1.0,1.0,0.0,0.0,0.0
246,6,12,0,0,25,-2.0,0.05,0.1,-10.4,0.95,0.9,-9.4,1.0,1.0,0.0,0.0,0.0
247,7,12,0,0,14,-2.0,0.05,0.286,-10.4,0.95,0.714,-9.4,1.0,1.0,0.0,0.0,0.0
248,8,12,0,0,14,-2.0,0.05,0.25,-10.4,0.95,0.75,-9.4,1.0,1.0,0.0,0.0,0.0
249,9,12,0,0,28,-2.0,0.05,0.062,-10.4,0.95,0.938,-9.4,1.0,1.0,0.0,0.0,0.0
250,10,12,0,0,43,-2.0,0.05,0.0,-10.4,0.95,1.0,-9.4,1.0,1.0,0.0,0.0,0.0
251,11,12,0,0,44,-2.0,0.05,0.0,-10.4,0.95,1.0,-9.4,1.0,1.0,0.0,0.0,0.0
252,12,12,0,0,43,-2.0,0.05,0.0,-10.4,0.95,1.0,-9.4,1.0,1.0,0.0,0.0,0.0
253,13,12,0,0,24,-2.0,0.05,0.143,-10.4,0.95,0.857,-9.4,1.0,1.0,0.0,0.0,0.0
254,14,12,0,0,28,-2.0,0.05,0.062,-10.4,0.95,0.938,-9.4,1.0,1.0,0.0,0.0,0.0
255,15,12,0,0,40,-2.0,0.05,0.0,-10.4,0.95,1.0,-9.4,1.0,1.0,0.0,0.0,0.0
256,16,12,0,0,42,-2.0,0.05,0.0,-10.4,0.95,1.0,-9.4,1.0,1.0,0.0,0.0,0.0
257,17,12,0,0,27,-2.0,0.05,0.071,-10.4,0.95,0.929,-9.4,1.0,1.0,0.0,0.0,0.0
258,18,12,0,0,36,-2.0,0.05,0.056,-10.4,0.95,0.944,-9.4,1.0,1.0,0.0,0.0,0.0
259,19,12,0,0,38,-2.0,0.05,0.0,-10.4,0.95,1.0,-9.4,1.0,1.0,0.0,0.0,0.0
260,0,13,0,1,7,-15.5,1.0,1.0,0.0,0.0,0.0,-8.8,0.6,0.5,-19.5,0.4,0.5
261,1,13,0,1,12,-15.5,1.0,1.0,0.0,0.0,0.0,-8.8,0.6,0.2,-19.5,0.4,0.8
262,2,13,0,1,4,-15.5,1.0,1.0,0.0,0.0,0.0,-8.8,0.6,0.667,-19.5,0.4,0.333
263,3,13,0,1,2,-15.5,1.0,1.0,0.0,0.0,0.0,-8.8,0.6,1.0,-19.5,0.4,0.0
264,4,13,0,1,2,-15.5,1.0,1.0,0.0,0.0,0.0,-8.8,0.6,1.0,-19.5,0.4,0.0
265,5,13,0,1,6,-15.5,1.0,1.0,0.0,0.0,0.0,-8.8,0.6,0.5,-19.5,0.4,0.5
266,6,13,0,1,2,-15.5,1.0,1.0,0.0,0.0,0.0,-8.8,0.6,1.0,-19.5,0.4,0.0
267,7,13,0,1,2,-15.5,1.0,1.0,0.0,0.0,0.0,-8.8,0.6,1.0,-19.5,0.4,0.0
268,8,13,0,1,2,-15.5,1.0,1.0,0.0,0.0,0.0,-8.8,0.6,1.0,-19.5,0.4,0.0
269,9,13,0,1,2,-15.5,1.0,1.0,0.0,0.0,0.0,-8.8,0.6,1.0,-19.5,0.4,0.0
270,10,13,0,1,2,-15.5,1.0,1.0,0.0,0.0,0.0,-8.8,0.6,1.0,-19.5,0.4,0.0
271,11,13,0,1,2,-15.5,1.0,1.0,0.0,0.0,0.0,-8.8,0.6,1.0,-19.5,0.4,0.0
272,12,13,0,1,2,-15.5,1.0,1.0,0.0,0.0,0.0,-8.8,0.6,1.0,-19.5,0.4,0.0
273,13,13,0,1,2,-15.5,1.0,1.0,0.0,0.0,0.0,-8.8,0.6,1.0,-19.5,0.4,0.0
274,14,13,0,1,2,-15.5,1.0,1.0,0.0,0.0,0.0,-8.8,0.6,1.0,-19.5,0.4,0.0
275,15,13,0,1,2,-15.5,1.0,1.0,0.0,0.0,0.0,-8.8,0.6,1.0,-19.5,0.4,0.0
276,16,13,0,1,2,-15.5,1.0,1.0,0.0,0.0,0.0,-8.8,0.6,1.0,-19.5,0.4,0.0
277,17,13,0,1,7,-15.5,1.0,1.0,0.0,0.0,0.0,-8.8,0.6,0.333,-19.5,0.4,0.667
278,18,13,0,1,2,-15.5,1.0,1.0,0.0,0.0,0.0,-8.8,0.6,1.0,-19.5,0.4,0.0
279,19,13,0,1,2,-15.5,1.0,1.0,0.0,0.0,0.0,-8.8,0.6,1.0,-19.5,0.4,0.0
280,0,14,0,1,4,-25.4,1.0,1.0,0.0,0.0,0.0,-8.9,0.08,0.0,-26.3,0.92,1.0
281,1,14,0,1,4,-25.4,1.0,1.0,0.0,0.0,0.0,-8.9,0.08,0.5,-26.3,0.92,0.5
282,2,14,0,1,4,-25.4,1.0,1.0,0.0,0.0,0.0,-8.9,0.08,0.0,-26.3,0.92,1.0
283,3,14,0,1,4,-25.4,1.0,1.0,0.0,0.0,0.0,-8.9,0.08,0.0,-26.3,0.92,1.0
284,4,14,0,1,4,-25.4,1.0,1.0,0.0,0.0,0.0,-8.9,0.08,0.0,-26.3,0.92,1.0
285,5,14,0,1,4,-25.4,1.0,1.0,0.0,0.0,0.0,-8.9,0.08,0.0,-26.3,0.92,1.0
286,6,14,0,1,4,-25.4,1.0,1.0,0.0,0.0,0.0,-8.9,0.08,0.0,-26.3,0.92,1.0
287,7,14,0,1,4,-25.4,1.0,1.0,0.0,0.0,0.0,-8.9,0.08,0.0,-26.3,0.92,1.0
288,8,14,0,1,4,-25.4,1.0,1.0,0.0,0.0,0.0,-8.9,0.08,0.0,-26.3,0.92,1.0
289,9,14,0,1,4,-25.4,1.0,1.0,0.0,0.0,0.0,-8.9,0.08,0.0,-26.3,0.92,1.0
290,10,14,0,1,4,-25.4,1.0,1.0,0.0,0.0,0.0,-8.9,0.08,0.0,-26.3,0.92,1.0
291,11,14,0,1,4,-25.4,1.0,1.0,0.0,0.0,0.0,-8.9,0.08,0.0,-26.3,0.92,1.0
292,12,14,0,1,4,-25.4,1.0,1.0,0.0,0.0,0.0,-8.9,0.08,0.0,-26.3,0.92,1.0
293,13,14,0,1,4,-25.4,1.0,1.0,0.0,0.0,0.0,-8.9,0.08,0.0,-26.3,0.92,1.0
294,14,14,0,1,4,-25.4,1.0,1.0,0.0,0.0,0.0,-8.9,0.08,0.0,-26.3,0.92,1.0
295,15,14,0,1,4,-25.4,1.0,1.0,0.0,0.0,0.0,-8.9,0.08,0.0,-26.3,0.92,1.0
296,16,14,0,1,4,-25.4,1.0,1.0,0.0,0.0,0.0,-8.9,0.08,0.0,-26.3,0.92,1.0
297,17,14,0,1,4,-25.4,1.0,1.0,0.0,0.0,0.0,-8.9,0.08,0.0,-26.3,0.92,1.0
298,18,14,0,1,4,-25.4,1.0,1.0,0.0,0.0,0.0,-8.9,0.08,0.5,-26.3,0.92,0.5
299,19,14,0,1,4,-25.4,1.0,1.0,0.0,0.0,0.0,-8.9,0.08,0.5,-26.3,0.92,0.5
300,0,15,0,0,8,-7.1,0.07,0.2,-19.6,0.93,0.8,-18.7,1.0,1.0,0.0,0.0,0.0
301,1,15,0,0,6,-7.1,0.07,0.0,-19.6,0.93,1.0,-18.7,1.0,1.0,0.0,0.0,0.0
302,2,15,0,0,7,-7.1,0.07,0.0,-19.6,0.93,1.0,-18.7,1.0,1.0,0.0,0.0,0.0
303,3,15,0,0,6,-7.1,0.07,0.0,-19.6,0.93,1.0,-18.7,1.0,1.0,0.0,0.0,0.0
304,4,15,0,0,7,-7.1,0.07,0.0,-19.6,0.93,1.0,-18.7,1.0,1.0,0.0,0.0,0.0
305,5,15,0,0,6,-7.1,0.07,0.0,-19.6,0.93,1.0,-18.7,1.0,1.0,0.0,0.0,0.0
306,6,15,0,0,8,-7.1,0.07,0.2,-19.6,0.93,0.8,-18.7,1.0,1.0,0.0,0.0,0.0
307,7,15,0,0,6,-7.1,0.07,0.0,-19.6,0.93,1.0,-18.7,1.0,1.0,0.0,0.0,0.0
308,8,15,0,0,7,-7.1,0.07,0.0,-19.6,0.93,1.0,-18.7,1.0,1.0,0.0,0.0,0.0
309,9,15,0,0,7,-7.1,0.07,0.0,-19.6,0.93,1.0,-18.7,1.0,1.0,0.0,0.0,0.0
310,10,15,0,0,8,-7.1,0.07,0.333,-19.6,0.93,0.667,-18.7,1.0,1.0,0.0,0.0,0.0
311,11,15,0,0,8,-7.1,0.07,0.25,-19.6,0.93,0.75,-18.7,1.0,1.0,0.0,0.0,0.0
312,12,15,0,0,6,-7.1,0.07,0.0,-19.6,0.93,1.0,-18.7,1.0,1.0,0.0,0.0,0.0
313,13,15,0,0,6,-7.1,0.07,0.0,-19.6,0.93,1.0,-18.7,1.0,1.0,0.0,0.0,0.0
314,14,15,0,0,6,-7.1,0.07,0.0,-19.6,0.93,1.0,-18.7,1.0,1.0,0.0,0.0,0.0
315,15,15,0,0,7,-7.1,0.07,0.0,-19.6,0.93,1.0,-18.7,1.0,1.0,0.0,0.0,0.0
316,16,15,0,0,8,-7.1,0.07,0.2,-19.6,0.93,0.8,-18.7,1.0,1.0,0.0,0.0,0.0
317,17,15,0,0,7,-7.1,0.07,0.0,-19.6,0.93,1.0,-18.7,1.0,1.0,0.0,0.0,0.0
318,18,15,0,0,7,-7.1,0.07,0.0,-19.6,0.93,1.0,-18.7,1.0,1.0,0.0,0.0,0.0
319,19,15,0,0,7,-7.1,0.07,0.0,-19.6,0.93,1.0,-18.7,1.0,1.0,0.0,0.0,0.0
320,0,16,0,1,4,-23.8,1.0,1.0,0.0,0.0,0.0,-9.7,0.1,0.0,-24.7,0.9,1.0
321,1,16,0,1,4,-23.8,1.0,1.0,0.0,0.0,0.0,-9.7,0.1,0.0,-24.7,0.9,1.0
322,2,16,0,1,4,-23.8,1.0,1.0,0.0,0.0,0.0,-9.7,0.1,0.0,-24.7,0.9,1.0
323,3,16,0,1,4,-23.8,1.0,1.0,0.0,0.0,0.0,-9.7,0.1,0.0,-24.7,0.9,1.0
324,4,16,0,1,4,-23.8,1.0,1.0,0.0,0.0,0.0,-9.7,0.1,0.0,-24.7,0.9,1.0
325,5,16,0,1,4,-23.8,1.0,1.0,0.0,0.0,0.0,-9.7,0.1,0.5,-24.7,0.9,0.5
326,6,16,0,1,4,-23.8,1.0,1.0,0.0,0.0,0.0,-9.7,0.1,0.0,-24.7,0.9,1.0
327,7,16,0,1,4,-23.8,1.0,1.0,0.0,0.0,0.0,-9.7,0.1,0.5,-24.7,0.9,0.5
328,8,16,0,1,4,-23.8,1.0,1.0,0.0,0.0,0.0,-9.7,0.1,0.0,-24.7,0.9,1.0
329,9,16,0,1,4,-23.8,1.0,1.0,0.0,0.0,0.0,-9.7,0.1,0.0,-24.7,0.9,1.0
330,10,16,0,1,4,-23.8,1.0,1.0,0.0,0.0,0.0,-9.7,0.1,0.0,-24.7,0.9,1.0
331,11,16,0,1,4,-23.8,1.0,1.0,0.0,0.0,0.0,-9.7,0.1,0.0,-24.7,0.9,1.0
332,12,16,0,1,4,-23.8,1.0,1.0,0.0,0.0,0.0,-9.7,0.1,0.333,-24.7,0.9,0.667
333,13,16,0,1,4,-23.8,1.0,1.0,0.0,0.0,0.0,-9.7,0.1,0.0,-24.7,0.9,1.0
334,14,16,0,1,4,-23.8,1.0,1.0,0.0,0.0,0.0,-9.7,0.1,0.0,-24.7,0.9,1.0
335,15,16,0,1,4,-23.8,1.0,1.0,0.0,0.0,0.0,-9.7,0.1,0.0,-24.7,0.9,1.0
336,16,16,0,1,4,-23.8,1.0,1.0,0.0,0.0,0.0,-9.7,0.1,1.0,-24.7,0.9,0.0
337,17,16,0,1,4,-23.8,1.0,1.0,0.0,0.0,0.0,-9.7,0.1,0.333,-24.7,0.9,0.667
338,18,16,0,1,4,-23.8,1.0,1.0,0.0,0.0,0.0,-9.7,0.1,0.0,-24.7,0.9,1.0
339,19,16,0,1,4,-23.8,1.0,1.0,0.0,0.0,0.0,-9.7,0.1,0.0,-24.7,0.9,1.0
340,0,17,0,0,18,-4.0,0.2,0.111,-9.3,0.8,0.889,-8.1,1.0,1.0,0.0,0.0,0.0
341,1,17,0,0,19,-4.0,0.2,0.167,-9.3,0.8,0.833,-8.1,1.0,1.0,0.0,0.0,0.0
342,2,17,0,0,20,-4.0,0.2,0.0,-9.3,0.8,1.0,-8.1,1.0,1.0,0.0,0.0,0.0
343,3,17,0,0,17,-4.0,0.2,0.143,-9.3,0.8,0.857,-8.1,1.0,1.0,0.0,0.0,0.0
344,4,17,0,0,18,-4.0,0.2,0.1,-9.3,0.8,0.9,-8.1,1.0,1.0,0.0,0.0,0.0
345,5,17,0,0,16,-4.0,0.2,0.2,-9.3,0.8,0.8,-8.1,1.0,1.0,0.0,0.0,0.0
346,6,17,0,0,18,-4.0,0.2,0.1,-9.3,0.8,0.9,-8.1,1.0,1.0,0.0,0.0,0.0
347,7,17,0,0,18,-4.0,0.2,0.0,-9.3,0.8,1.0,-8.1,1.0,1.0,0.0,0.0,0.0
348,8,17,0,0,17,-4.0,0.2,0.125,-9.3,0.8,0.875,-8.1,1.0,1.0,0.0,0.0,0.0
349,9,17,0,0,15,-4.0,0.2,0.286,-9.3,0.8,0.714,-8.1,1.0,1.0,0.0,0.0,0.0
350,10,17,0,0,15,-4.0,0.2,0.333,-9.3,0.8,0.667,-8.1,1.0,1.0,0.0,0.0,0.0
351,11,17,0,0,16,-4.0,0.2,0.25,-9.3,0.8,0.75,-8.1,1.0,1.0,0.0,0.0,0.0
352,12,17,0,0,14,-4.0,0.2,0.444,-9.3,0.8,0.556,-8.1,1.0,1.0,0.0,0.0,0.0
353,13,17,0,0,18,-4.0,0.2,0.111,-9.3,0.8,0.889,-8.1,1.0,1.0,0.0,0.0,0.0
354,14,17,0,0,21,-4.0,0.2,0.0,-9.3,0.8,1.0,-8.1,1.0,1.0,0.0,0.0,0.0
355,15,17,0,0,15,-4.0,0.2,0.273,-9.3,0.8,0.727,-8.1,1.0,1.0,0.0,0.0,0.0
356,16,17,0,0,17,-4.0,0.2,0.143,-9.3,0.8,0.857,-8.1,1.0,1.0,0.0,0.0,0.0
357,17,17,0,0,17,-4.0,0.2,0.125,-9.3,0.8,0.875,-8.1,1.0,1.0,0.0,0.0,0.0
358,18,17,0,0,19,-4.0,0.2,0.167,-9.3,0.8,0.833,-8.1,1.0,1.0,0.0,0.0,0.0
359,19,17,0,0,20,-4.0,0.2,0.0,-9.3,0.8,1.0,-8.1,1.0,1.0,0.0,0.0,0.0
360,0,18,0,1,9,-8.4,1.0,1.0,0.0,0.0,0.0,-6.5,0.9,1.0,-17.5,0.1,0.0
361,1,18,0,1,5,-8.4,1.0,1.0,0.0,0.0,0.0,-6.5,0.9,1.0,-17.5,0.1,0.0
362,2,18,0,1,5,-8.4,1.0,1.0,0.0,0.0,0.0,-6.5,0.9,1.0,-17.5,0.1,0.0
363,3,18,0,0,3,-8.4,1.0,1.0,0.0,0.0,0.0,-6.5,0.9,0.5,-17.5,0.1,0.5
364,4,18,0,0,2,-8.4,1.0,1.0,0.0,0.0,0.0,-6.5,0.9,0.0,-17.5,0.1,1.0
365,5,18,0,0,4,-8.4,1.0,1.0,0.0,0.0,0.0,-6.5,0.9,0.5,-17.5,0.1,0.5
366,6,18,0,1,13,-8.4,1.0,1.0,0.0,0.0,0.0,-6.5,0.9,1.0,-17.5,0.1,0.0
367,7,18,0,0,2,-8.4,1.0,1.0,0.0,0.0,0.0,-6.5,0.9,0.0,-17.5,0.1,1.0
368,8,18,0,0,2,-8.4,1.0,1.0,0.0,0.0,0.0,-6.5,0.9,0.0,-17.5,0.1,1.0
369,9,18,0,0,2,-8.4,1.0,1.0,0.0,0.0,0.0,-6.5,0.9,0.0,-17.5,0.1,1.0
370,10,18,0,0,3,-8.4,1.0,1.0,0.0,0.0,0.0,-6.5,0.9,0.5,-17.5,0.1,0.5
371,11,18,0,1,8,-8.4,1.0,1.0,0.0,0.0,0.0,-6.5,0.9,1.0,-17.5,0.1,0.0
372,12,18,0,1,9,-8.4,1.0,1.0,0.0,0.0,0.0,-6.5,0.9,1.0,-17.5,0.1,0.0
373,13,18,0,1,7,-8.4,1.0,1.0,0.0,0.0,0.0,-6.5,0.9,1.0,-17.5,0.1,0.0
374,14,18,0,1,13,-8.4,1.0,1.0,0.0,0.0,0.0,-6.5,0.9,1.0,-17.5,0.1,0.0
375,15,18,0,0,4,-8.4,1.0,1.0,0.0,0.0,0.0,-6.5,0.9,0.5,-17.5,0.1,0.5
376,16,18,0,0,18,-8.4,1.0,1.0,0.0,0.0,0.0,-6.5,0.9,0.8,-17.5,0.1,0.2
377,17,18,0,0,2,-8.4,1.0,1.0,0.0,0.0,0.0,-6.5,0.9,0.0,-17.5,0.1,1.0
378,18,18,0,1,5,-8.4,1.0,1.0,0.0,0.0,0.0,-6.5,0.9,1.0,-17.5,0.1,0.0
379,19,18,0,1,6,-8.4,1.0,1.0,0.0,0.0,0.0,-6.5,0.9,1.0,-17.5,0.1,0.0
380,0,19,0,1,5,-4.3,0.6,1.0,-16.1,0.4,0.0,-4.5,1.0,1.0,0.0,0.0,0.0
381,1,19,0,1,4,-4.3,0.6,0.5,-16.1,0.4,0.5,-4.5,1.0,1.0,0.0,0.0,0.0
382,2,19,0,1,4,-4.3,0.6,0.5,-16.1,0.4,0.5,-4.5,1.0,1.0,0.0,0.0,0.0
383,3,19,0,1,2,-4.3,0.6,0.0,-16.1,0.4,1.0,-4.5,1.0,1.0,0.0,0.0,0.0
384,4,19,0,1,2,-4.3,0.6,0.0,-16.1,0.4,1.0,-4.5,1.0,1.0,0.0,0.0,0.0
385,5,19,0,1,2,-4.3,0.6,0.0,-16.1,0.4,1.0,-4.5,1.0,1.0,0.0,0.0,0.0
386,6,19,0,1,2,-4.3,0.6,0.0,-16.1,0.4,1.0,-4.5,1.0,1.0,0.0,0.0,0.0
387,7,19,0,1,2,-4.3,0.6,0.0,-16.1,0.4,1.0,-4.5,1.0,1.0,0.0,0.0,0.0
388,8,19,0,1,2,-4.3,0.6,0.0,-16.1,0.4,1.0,-4.5,1.0,1.0,0.0,0.0,0.0
389,9,19,0,1,2,-4.3,0.6,0.0,-16.1,0.4,1.0,-4.5,1.0,1.0,0.0,0.0,0.0
390,10,19,0,1,4,-4.3,0.6,1.0,-16.1,0.4,0.0,-4.5,1.0,1.0,0.0,0.0,0.0
391,11,19,0,1,4,-4.3,0.6,1.0,-16.1,0.4,0.0,-4.5,1.0,1.0,0.0,0.0,0.0
392,12,19,0,1,2,-4.3,0.6,0.0,-16.1,0.4,1.0,-4.5,1.0,1.0,0.0,0.0,0.0
393,13,19,0,1,3,-4.3,0.6,0.5,-16.1,0.4,0.5,-4.5,1.0,1.0,0.0,0.0,0.0
394,14,19,0,1,5,-4.3,0.6,1.0,-16.1,0.4,0.0,-4.5,1.0,1.0,0.0,0.0,0.0
395,15,19,0,1,3,-4.3,0.6,0.5,-16.1,0.4,0.5,-4.5,1.0,1.0,0.0,0.0,0.0
396,16,19,0,1,2,-4.3,0.6,0.0,-16.1,0.4,1.0,-4.5,1.0,1.0,0.0,0.0,0.0
397,17,19,0,1,4,-4.3,0.6,0.5,-16.1,0.4,0.5,-4.5,1.0,1.0,0.0,0.0,0.0
398,18,19,0,1,4,-4.3,0.6,1.0,-16.1,0.4,0.0,-4.5,1.0,1.0,0.0,0.0,0.0
399,19,19,0,1,3,-4.3,0.6,0.5,-16.1,0.4,0.5,-4.5,1.0,1.0,0.0,0.0,0.0
400,0,20,0,0,21,2.0,0.1,0.1,-5.7,0.9,0.9,-4.6,1.0,1.0,0.0,0.0,0.0
401,1,20,0,0,27,2.0,0.1,0.077,-5.7,0.9,0.923,-4.6,1.0,1.0,0.0,0.0,0.0
402,2,20,0,0,2,2.0,0.1,1.0,-5.7,0.9,0.0,-4.6,1.0,1.0,0.0,0.0,0.0
403,3,20,0,0,17,2.0,0.1,0.2,-5.7,0.9,0.8,-4.6,1.0,1.0,0.0,0.0,0.0
404,4,20,0,0,52,2.0,0.1,0.067,-5.7,0.9,0.933,-4.6,1.0,1.0,0.0,0.0,0.0
405,5,20,0,0,19,2.0,0.1,0.182,-5.7,0.9,0.818,-4.6,1.0,1.0,0.0,0.0,0.0
406,6,20,0,0,25,2.0,0.1,0.083,-5.7,0.9,0.917,-4.6,1.0,1.0,0.0,0.0,0.0
407,7,20,0,0,79,2.0,0.1,0.028,-5.7,0.9,0.972,-4.6,1.0,1.0,0.0,0.0,0.0
408,8,20,0,0,24,2.0,0.1,0.1,-5.7,0.9,0.9,-4.6,1.0,1.0,0.0,0.0,0.0
409,9,20,0,0,16,2.0,0.1,0.143,-5.7,0.9,0.857,-4.6,1.0,1.0,0.0,0.0,0.0
410,10,20,0,0,10,2.0,0.1,0.25,-5.7,0.9,0.75,-4.6,1.0,1.0,0.0,0.0,0.0
411,11,20,0,0,13,2.0,0.1,0.167,-5.7,0.9,0.833,-4.6,1.0,1.0,0.0,0.0,0.0
412,12,20,0,0,20,2.0,0.1,0.143,-5.7,0.9,0.857,-4.6,1.0,1.0,0.0,0.0,0.0
413,13,20,0,0,11,2.0,0.1,0.2,-5.7,0.9,0.8,-4.6,1.0,1.0,0.0,0.0,0.0
414,14,20,0,0,51,2.0,0.1,0.071,-5.7,0.9,0.929,-4.6,1.0,1.0,0.0,0.0,0.0
415,15,20,0,0,30,2.0,0.1,0.111,-5.7,0.9,0.889,-4.6,1.0,1.0,0.0,0.0,0.0
416,16,20,0,0,5,2.0,0.1,0.5,-5.7,0.9,0.5,-4.6,1.0,1.0,0.0,0.0,0.0
417,17,20,0,0,23,2.0,0.1,0.105,-5.7,0.9,0.895,-4.6,1.0,1.0,0.0,0.0,0.0
418,18,20,0,0,44,2.0,0.1,0.087,-5.7,0.9,0.913,-4.6,1.0,1.0,0.0,0.0,0.0
419,19,20,0,0,19,2.0,0.1,0.125,-5.7,0.9,0.875,-4.6,1.0,1.0,0.0,0.0,0.0
420,0,21,0,1,12,9.6,0.91,1.0,-6.4,0.09,0.0,8.7,1.0,1.0,0.0,0.0,0.0
421,1,21,0,1,6,9.6,0.91,0.667,-6.4,0.09,0.333,8.7,1.0,1.0,0.0,0.0,0.0
422,2,21,0,1,8,9.6,0.91,1.0,-6.4,0.09,0.0,8.7,1.0,1.0,0.0,0.0,0.0
423,3,21,0,1,8,9.6,0.91,1.0,-6.4,0.09,0.0,8.7,1.0,1.0,0.0,0.0,0.0
424,4,21,0,1,2,9.6,0.91,0.0,-6.4,0.09,1.0,8.7,1.0,1.0,0.0,0.0,0.0
425,5,21,0,1,7,9.6,0.91,1.0,-6.4,0.09,0.0,8.7,1.0,1.0,0.0,0.0,0.0
426,6,21,0,1,9,9.6,0.91,1.0,-6.4,0.09,0.0,8.7,1.0,1.0,0.0,0.0,0.0
427,7,21,0,1,7,9.6,0.91,1.0,-6.4,0.09,0.0,8.7,1.0,1.0,0.0,0.0,0.0
428,8,21,0,1,6,9.6,0.91,0.667,-6.4,0.09,0.333,8.7,1.0,1.0,0.0,0.0,0.0
429,9,21,0,1,12,9.6,0.91,1.0,-6.4,0.09,0.0,8.7,1.0,1.0,0.0,0.0,0.0
430,10,21,0,1,9,9.6,0.91,1.0,-6.4,0.09,0.0,8.7,1.0,1.0,0.0,0.0,0.0
431,11,21,0,1,4,9.6,0.91,0.5,-6.4,0.09,0.5,8.7,1.0,1.0,0.0,0.0,0.0
432,12,21,0,1,5,9.6,0.91,0.667,-6.4,0.09,0.333,8.7,1.0,1.0,0.0,0.0,0.0
433,13,21,0,1,6,9.6,0.91,0.667,-6.4,0.09,0.333,8.7,1.0,1.0,0.0,0.0,0.0
434,14,21,0,1,8,9.6,0.91,1.0,-6.4,0.09,0.0,8.7,1.0,1.0,0.0,0.0,0.0
435,15,21,0,1,8,9.6,0.91,1.0,-6.4,0.09,0.0,8.7,1.0,1.0,0.0,0.0,0.0
436,16,21,0,1,8,9.6,0.91,1.0,-6.4,0.09,0.0,8.7,1.0,1.0,0.0,0.0,0.0
437,17,21,0,1,8,9.6,0.91,1.0,-6.4,0.09,0.0,8.7,1.0,1.0,0.0,0.0,0.0
438,18,21,0,1,4,9.6,0.91,0.5,-6.4,0.09,0.5,8.7,1.0,1.0,0.0,0.0,0.0
439,19,21,0,1,8,9.6,0.91,1.0,-6.4,0.09,0.0,8.7,1.0,1.0,0.0,0.0,0.0
440,0,22,0,1,6,7.3,0.8,0.75,-3.6,0.2,0.25,5.6,1.0,1.0,0.0,0.0,0.0
441,1,22,0,1,5,7.3,0.8,0.667,-3.6,0.2,0.333,5.6,1.0,1.0,0.0,0.0,0.0
442,2,22,0,1,2,7.3,0.8,0.0,-3.6,0.2,1.0,5.6,1.0,1.0,0.0,0.0,0.0
443,3,22,0,1,2,7.3,0.8,0.0,-3.6,0.2,1.0,5.6,1.0,1.0,0.0,0.0,0.0
444,4,22,0,1,12,7.3,0.8,1.0,-3.6,0.2,0.0,5.6,1.0,1.0,0.0,0.0,0.0
445,5,22,0,1,19,7.3,0.8,1.0,-3.6,0.2,0.0,5.6,1.0,1.0,0.0,0.0,0.0
446,6,22,0,1,7,7.3,0.8,0.667,-3.6,0.2,0.333,5.6,1.0,1.0,0.0,0.0,0.0
447,7,22,0,1,12,7.3,0.8,1.0,-3.6,0.2,0.0,5.6,1.0,1.0,0.0,0.0,0.0
448,8,22,0,1,4,7.3,0.8,0.5,-3.6,0.2,0.5,5.6,1.0,1.0,0.0,0.0,0.0
449,9,22,0,1,20,7.3,0.8,0.889,-3.6,0.2,0.111,5.6,1.0,1.0,0.0,0.0,0.0
450,10,22,0,1,6,7.3,0.8,0.75,-3.6,0.2,0.25,5.6,1.0,1.0,0.0,0.0,0.0
451,11,22,0,1,19,7.3,0.8,0.9,-3.6,0.2,0.1,5.6,1.0,1.0,0.0,0.0,0.0
452,12,22,0,1,3,7.3,0.8,0.5,-3.6,0.2,0.5,5.6,1.0,1.0,0.0,0.0,0.0
453,13,22,0,1,10,7.3,0.8,1.0,-3.6,0.2,0.0,5.6,1.0,1.0,0.0,0.0,0.0
454,14,22,0,1,2,7.3,0.8,0.0,-3.6,0.2,1.0,5.6,1.0,1.0,0.0,0.0,0.0
455,15,22,0,1,12,7.3,0.8,0.875,-3.6,0.2,0.125,5.6,1.0,1.0,0.0,0.0,0.0
456,16,22,0,1,6,7.3,0.8,0.5,-3.6,0.2,0.5,5.6,1.0,1.0,0.0,0.0,0.0
457,17,22,0,1,9,7.3,0.8,0.5,-3.6,0.2,0.5,5.6,1.0,1.0,0.0,0.0,0.0
458,18,22,0,1,9,7.3,0.8,0.833,-3.6,0.2,0.167,5.6,1.0,1.0,0.0,0.0,0.0
459,19,22,0,1,15,7.3,0.8,1.0,-3.6,0.2,0.0,5.6,1.0,1.0,0.0,0.0,0.0
460,0,23,0,0,32,9.2,0.05,0.083,-9.5,0.95,0.917,-7.5,1.0,1.0,0.0,0.0,0.0
461,1,23,0,0,7,9.2,0.05,0.25,-9.5,0.95,0.75,-7.5,1.0,1.0,0.0,0.0,0.0
462,2,23,0,0,19,9.2,0.05,0.111,-9.5,0.95,0.889,-7.5,1.0,1.0,0.0,0.0,0.0
463,3,23,0,0,6,9.2,0.05,0.333,-9.5,0.95,0.667,-7.5,1.0,1.0,0.0,0.0,0.0
464,4,23,0,0,17,9.2,0.05,0.1,-9.5,0.95,0.9,-7.5,1.0,1.0,0.0,0.0,0.0
465,5,23,0,0,53,9.2,0.05,0.037,-9.5,0.95,0.963,-7.5,1.0,1.0,0.0,0.0,0.0
466,6,23,0,0,15,9.2,0.05,0.1,-9.5,0.95,0.9,-7.5,1.0,1.0,0.0,0.0,0.0
467,7,23,0,0,3,9.2,0.05,0.5,-9.5,0.95,0.5,-7.5,1.0,1.0,0.0,0.0,0.0
468,8,23,0,0,26,9.2,0.05,0.083,-9.5,0.95,0.917,-7.5,1.0,1.0,0.0,0.0,0.0
469,9,23,0,0,8,9.2,0.05,0.25,-9.5,0.95,0.75,-7.5,1.0,1.0,0.0,0.0,0.0
470,10,23,0,0,39,9.2,0.05,0.053,-9.5,0.95,0.947,-7.5,1.0,1.0,0.0,0.0,0.0
471,11,23,0,1,21,9.2,0.05,0.0,-9.5,0.95,1.0,-7.5,1.0,1.0,0.0,0.0,0.0
472,12,23,0,0,2,9.2,0.05,1.0,-9.5,0.95,0.0,-7.5,1.0,1.0,0.0,0.0,0.0
473,13,23,0,0,16,9.2,0.05,0.125,-9.5,0.95,0.875,-7.5,1.0,1.0,0.0,0.0,0.0
474,14,23,0,0,49,9.2,0.05,0.043,-9.5,0.95,0.957,-7.5,1.0,1.0,0.0,0.0,0.0
475,15,23,0,1,52,9.2,0.05,0.0,-9.5,0.95,1.0,-7.5,1.0,1.0,0.0,0.0,0.0
476,16,23,0,0,7,9.2,0.05,0.333,-9.5,0.95,0.667,-7.5,1.0,1.0,0.0,0.0,0.0
477,17,23,0,1,16,9.2,0.05,0.0,-9.5,0.95,1.0,-7.5,1.0,1.0,0.0,0.0,0.0
478,18,23,0,0,27,9.2,0.05,0.0,-9.5,0.95,1.0,-7.5,1.0,1.0,0.0,0.0,0.0
479,19,23,0,0,38,9.2,0.05,0.056,-9.5,0.95,0.944,-7.5,1.0,1.0,0.0,0.0,0.0
480,0,24,0,1,11,-6.4,1.0,1.0,0.0,0.0,0.0,7.4,0.02,0.0,-6.6,0.98,1.0
481,1,24,0,1,11,-6.4,1.0,1.0,0.0,0.0,0.0,7.4,0.02,0.0,-6.6,0.98,1.0
482,2,24,0,1,16,-6.4,1.0,1.0,0.0,0.0,0.0,7.4,0.02,0.0,-6.6,0.98,1.0
483,3,24,0,1,12,-6.4,1.0,1.0,0.0,0.0,0.0,7.4,0.02,0.0,-6.6,0.98,1.0
484,4,24,0,1,12,-6.4,1.0,1.0,0.0,0.0,0.0,7.4,0.02,0.111,-6.6,0.98,0.889
485,5,24,0,1,11,-6.4,1.0,1.0,0.0,0.0,0.0,7.4,0.02,0.0,-6.6,0.98,1.0
486,6,24,0,1,13,-6.4,1.0,1.0,0.0,0.0,0.0,7.4,0.02,0.0,-6.6,0.98,1.0
487,7,24,0,1,11,-6.4,1.0,1.0,0.0,0.0,0.0,7.4,0.02,0.0,-6.6,0.98,1.0
488,8,24,0,1,6,-6.4,1.0,1.0,0.0,0.0,0.0,7.4,0.02,0.25,-6.6,0.98,0.75
489,9,24,0,1,13,-6.4,1.0,1.0,0.0,0.0,0.0,7.4,0.02,0.0,-6.6,0.98,1.0
490,10,24,0,1,13,-6.4,1.0,1.0,0.0,0.0,0.0,7.4,0.02,0.0,-6.6,0.98,1.0
491,11,24,0,1,11,-6.4,1.0,1.0,0.0,0.0,0.0,7.4,0.02,0.0,-6.6,0.98,1.0
492,12,24,0,1,11,-6.4,1.0,1.0,0.0,0.0,0.0,7.4,0.02,0.0,-6.6,0.98,1.0
493,13,24,0,1,11,-6.4,1.0,1.0,0.0,0.0,0.0,7.4,0.02,0.143,-6.6,0.98,0.857
494,14,24,0,1,11,-6.4,1.0,1.0,0.0,0.0,0.0,7.4,0.02,0.0,-6.6,0.98,1.0
495,15,24,0,1,11,-6.4,1.0,1.0,0.0,0.0,0.0,7.4,0.02,0.0,-6.6,0.98,1.0
496,16,24,0,1,11,-6.4,1.0,1.0,0.0,0.0,0.0,7.4,0.02,0.0,-6.6,0.98,1.0
497,17,24,0,1,9,-6.4,1.0,1.0,0.0,0.0,0.0,7.4,0.02,0.0,-6.6,0.98,1.0
498,18,24,0,1,13,-6.4,1.0,1.0,0.0,0.0,0.0,7.4,0.02,0.0,-6.6,0.98,1.0
499,19,24,0,1,15,-6.4,1.0,1.0,0.0,0.0,0.0,7.4,0.02,0.0,-6.6,0.98,1.0
500,0,25,0,1,7,-4.9,1.0,1.0,0.0,0.0,0.0,6.4,0.05,0.333,-5.3,0.95,0.667
501,1,25,0,1,15,-4.9,1.0,1.0,0.0,0.0,0.0,6.4,0.05,0.0,-5.3,0.95,1.0
502,2,25,0,1,11,-4.9,1.0,1.0,0.0,0.0,0.0,6.4,0.05,0.0,-5.3,0.95,1.0
503,3,25,0,1,11,-4.9,1.0,1.0,0.0,0.0,0.0,6.4,0.05,0.0,-5.3,0.95,1.0
504,4,25,0,1,12,-4.9,1.0,1.0,0.0,0.0,0.0,6.4,0.05,0.0,-5.3,0.95,1.0
505,5,25,0,1,15,-4.9,1.0,1.0,0.0,0.0,0.0,6.4,0.05,0.0,-5.3,0.95,1.0
506,6,25,0,1,13,-4.9,1.0,1.0,0.0,0.0,0.0,6.4,0.05,0.0,-5.3,0.95,1.0
507,7,25,0,1,15,-4.9,1.0,1.0,0.0,0.0,0.0,6.4,0.05,0.0,-5.3,0.95,1.0
508,8,25,0,1,7,-4.9,1.0,1.0,0.0,0.0,0.0,6.4,0.05,0.2,-5.3,0.95,0.8
509,9,25,0,1,12,-4.9,1.0,1.0,0.0,0.0,0.0,6.4,0.05,0.0,-5.3,0.95,1.0
510,10,25,0,1,19,-4.9,1.0,1.0,0.0,0.0,0.0,6.4,0.05,0.0,-5.3,0.95,1.0
511,11,25,0,1,12,-4.9,1.0,1.0,0.0,0.0,0.0,6.4,0.05,0.0,-5.3,0.95,1.0
512,12,25,0,1,10,-4.9,1.0,1.0,0.0,0.0,0.0,6.4,0.05,0.0,-5.3,0.95,1.0
513,13,25,0,1,10,-4.9,1.0,1.0,0.0,0.0,0.0,6.4,0.05,0.0,-5.3,0.95,1.0
514,14,25,0,1,11,-4.9,1.0,1.0,0.0,0.0,0.0,6.4,0.05,0.0,-5.3,0.95,1.0
515,15,25,0,1,10,-4.9,1.0,1.0,0.0,0.0,0.0,6.4,0.05,0.0,-5.3,0.95,1.0
516,16,25,0,1,15,-4.9,1.0,1.0,0.0,0.0,0.0,6.4,0.05,0.0,-5.3,0.95,1.0
517,17,25,0,1,14,-4.9,1.0,1.0,0.0,0.0,0.0,6.4,0.05,0.0,-5.3,0.95,1.0
518,18,25,0,1,14,-4.9,1.0,1.0,0.0,0.0,0.0,6.4,0.05,0.125,-5.3,0.95,0.875
519,19,25,0,1,13,-4.9,1.0,1.0,0.0,0.0,0.0,6.4,0.05,0.143,-5.3,0.95,0.857
520,0,26,0,1,17,1.6,0.93,1.0,-8.3,0.07,0.0,1.2,1.0,1.0,0.0,0.0,0.0
521,1,26,0,1,12,1.6,0.93,1.0,-8.3,0.07,0.0,1.2,1.0,1.0,0.0,0.0,0.0
522,2,26,0,1,7,1.6,0.93,0.75,-8.3,0.07,0.25,1.2,1.0,1.0,0.0,0.0,0.0
523,3,26,0,1,11,1.6,0.93,0.857,-8.3,0.07,0.143,1.2,1.0,1.0,0.0,0.0,0.0
524,4,26,0,1,15,1.6,0.93,0.875,-8.3,0.07,0.125,1.2,1.0,1.0,0.0,0.0,0.0
525,5,26,0,1,10,1.6,0.93,1.0,-8.3,0.07,0.0,1.2,1.0,1.0,0.0,0.0,0.0
526,6,26,0,1,13,1.6,0.93,0.857,-8.3,0.07,0.143,1.2,1.0,1.0,0.0,0.0,0.0
527,7,26,0,1,12,1.6,0.93,1.0,-8.3,0.07,0.0,1.2,1.0,1.0,0.0,0.0,0.0
528,8,26,0,1,11,1.6,0.93,1.0,-8.3,0.07,0.0,1.2,1.0,1.0,0.0,0.0,0.0
529,9,26,0,1,9,1.6,0.93,0.8,-8.3,0.07,0.2,1.2,1.0,1.0,0.0,0.0,0.0
530,10,26,0,1,23,1.6,0.93,1.0,-8.3,0.07,0.0,1.2,1.0,1.0,0.0,0.0,0.0
531,11,26,0,1,13,1.6,0.93,0.857,-8.3,0.07,0.143,1.2,1.0,1.0,0.0,0.0,0.0
532,12,26,0,1,10,1.6,0.93,0.75,-8.3,0.07,0.25,1.2,1.0,1.0,0.0,0.0,0.0
533,13,26,0,1,16,1.6,0.93,1.0,-8.3,0.07,0.0,1.2,1.0,1.0,0.0,0.0,0.0
534,14,26,0,1,14,1.6,0.93,0.857,-8.3,0.07,0.143,1.2,1.0,1.0,0.0,0.0,0.0
535,15,26,0,1,8,1.6,0.93,0.5,-8.3,0.07,0.5,1.2,1.0,1.0,0.0,0.0,0.0
536,16,26,0,1,2,1.6,0.93,0.0,-8.3,0.07,1.0,1.2,1.0,1.0,0.0,0.0,0.0
537,17,26,0,1,4,1.6,0.93,0.5,-8.3,0.07,0.5,1.2,1.0,1.0,0.0,0.0,0.0
538,18,26,0,1,12,1.6,0.93,1.0,-8.3,0.07,0.0,1.2,1.0,1.0,0.0,0.0,0.0
539,19,26,0,1,16,1.6,0.93,1.0,-8.3,0.07,0.0,1.2,1.0,1.0,0.0,0.0,0.0
540,0,27,0,1,24,5.9,0.8,0.889,-0.8,0.2,0.111,4.6,1.0,1.0,0.0,0.0,0.0
541,1,27,0,1,8,5.9,0.8,0.5,-0.8,0.2,0.5,4.6,1.0,1.0,0.0,0.0,0.0
542,2,27,0,1,23,5.9,0.8,0.818,-0.8,0.2,0.182,4.6,1.0,1.0,0.0,0.0,0.0
543,3,27,0,1,21,5.9,0.8,0.833,-0.8,0.2,0.167,4.6,1.0,1.0,0.0,0.0,0.0
544,4,27,0,1,22,5.9,0.8,0.778,-0.8,0.2,0.222,4.6,1.0,1.0,0.0,0.0,0.0
545,5,27,0,1,9,5.9,0.8,0.6,-0.8,0.2,0.4,4.6,1.0,1.0,0.0,0.0,0.0
546,6,27,0,1,16,5.9,0.8,0.714,-0.8,0.2,0.286,4.6,1.0,1.0,0.0,0.0,0.0
547,7,27,0,1,15,5.9,0.8,0.8,-0.8,0.2,0.2,4.6,1.0,1.0,0.0,0.0,0.0
548,8,27,0,1,19,5.9,0.8,0.778,-0.8,0.2,0.222,4.6,1.0,1.0,0.0,0.0,0.0
549,9,27,0,1,7,5.9,0.8,0.333,-0.8,0.2,0.667,4.6,1.0,1.0,0.0,0.0,0.0
550,10,27,0,1,30,5.9,0.8,0.857,-0.8,0.2,0.143,4.6,1.0,1.0,0.0,0.0,0.0
551,11,27,0,1,7,5.9,0.8,0.6,-0.8,0.2,0.4,4.6,1.0,1.0,0.0,0.0,0.0
552,12,27,0,1,25,5.9,0.8,0.833,-0.8,0.2,0.167,4.6,1.0,1.0,0.0,0.0,0.0
553,13,27,0,1,34,5.9,0.8,0.889,-0.8,0.2,0.111,4.6,1.0,1.0,0.0,0.0,0.0
554,14,27,0,1,30,5.9,0.8,0.857,-0.8,0.2,0.143,4.6,1.0,1.0,0.0,0.0,0.0
555,15,27,0,1,24,5.9,0.8,0.875,-0.8,0.2,0.125,4.6,1.0,1.0,0.0,0.0,0.0
556,16,27,0,1,16,5.9,0.8,0.714,-0.8,0.2,0.286,4.6,1.0,1.0,0.0,0.0,0.0
557,17,27,0,1,15,5.9,0.8,0.714,-0.8,0.2,0.286,4.6,1.0,1.0,0.0,0.0,0.0
558,18,27,0,1,5,5.9,0.8,0.5,-0.8,0.2,0.5,4.6,1.0,1.0,0.0,0.0,0.0
559,19,27,0,1,21,5.9,0.8,0.818,-0.8,0.2,0.182,4.6,1.0,1.0,0.0,0.0,0.0
560,0,28,0,0,22,7.0,1.0,1.0,0.0,0.0,0.0,7.9,0.92,1.0,-2.3,0.08,0.0
561,1,28,0,0,12,7.0,1.0,1.0,0.0,0.0,0.0,7.9,0.92,0.857,-2.3,0.08,0.143
562,2,28,0,0,6,7.0,1.0,1.0,0.0,0.0,0.0,7.9,0.92,0.75,-2.3,0.08,0.25
563,3,28,0,0,27,7.0,1.0,1.0,0.0,0.0,0.0,7.9,0.92,1.0,-2.3,0.08,0.0
564,4,28,0,0,20,7.0,1.0,1.0,0.0,0.0,0.0,7.9,0.92,1.0,-2.3,0.08,0.0
565,5,28,0,0,16,7.0,1.0,1.0,0.0,0.0,0.0,7.9,0.92,1.0,-2.3,0.08,0.0
566,6,28,0,0,4,7.0,1.0,1.0,0.0,0.0,0.0,7.9,0.92,0.667,-2.3,0.08,0.333
567,7,28,0,0,2,7.0,1.0,1.0,0.0,0.0,0.0,7.9,0.92,0.0,-2.3,0.08,1.0
568,8,28,0,0,10,7.0,1.0,1.0,0.0,0.0,0.0,7.9,0.92,0.833,-2.3,0.08,0.167
569,9,28,0,0,2,7.0,1.0,1.0,0.0,0.0,0.0,7.9,0.92,0.0,-2.3,0.08,1.0
570,10,28,0,0,17,7.0,1.0,1.0,0.0,0.0,0.0,7.9,0.92,1.0,-2.3,0.08,0.0
571,11,28,0,0,12,7.0,1.0,1.0,0.0,0.0,0.0,7.9,0.92,0.8,-2.3,0.08,0.2
572,12,28,0,0,2,7.0,1.0,1.0,0.0,0.0,0.0,7.9,0.92,0.0,-2.3,0.08,1.0
573,13,28,0,0,15,7.0,1.0,1.0,0.0,0.0,0.0,7.9,0.92,1.0,-2.3,0.08,0.0
574,14,28,0,0,6,7.0,1.0,1.0,0.0,0.0,0.0,7.9,0.92,0.5,-2.3,0.08,0.5
575,15,28,0,0,10,7.0,1.0,1.0,0.0,0.0,0.0,7.9,0.92,0.833,-2.3,0.08,0.167
576,16,28,0,0,2,7.0,1.0,1.0,0.0,0.0,0.0,7.9,0.92,0.0,-2.3,0.08,1.0
577,17,28,0,0,2,7.0,1.0,1.0,0.0,0.0,0.0,7.9,0.92,0.0,-2.3,0.08,1.0
578,18,28,0,0,3,7.0,1.0,1.0,0.0,0.0,0.0,7.9,0.92,0.5,-2.3,0.08,0.5
579,19,28,0,0,6,7.0,1.0,1.0,0.0,0.0,0.0,7.9,0.92,0.667,-2.3,0.08,0.333
580,0,29,0,0,16,1.4,1.0,1.0,0.0,0.0,0.0,3.0,0.91,0.667,-7.7,0.09,0.333
581,1,29,0,0,2,1.4,1.0,1.0,0.0,0.0,0.0,3.0,0.91,0.0,-7.7,0.09,1.0
582,2,29,0,1,26,1.4,1.0,1.0,0.0,0.0,0.0,3.0,0.91,1.0,-7.7,0.09,0.0
583,3,29,0,0,18,1.4,1.0,1.0,0.0,0.0,0.0,3.0,0.91,0.9,-7.7,0.09,0.1
584,4,29,0,0,22,1.4,1.0,1.0,0.0,0.0,0.0,3.0,0.91,0.909,-7.7,0.09,0.091
585,5,29,0,0,13,1.4,1.0,1.0,0.0,0.0,0.0,3.0,0.91,0.857,-7.7,0.09,0.143
586,6,29,0,1,18,1.4,1.0,1.0,0.0,0.0,0.0,3.0,0.91,1.0,-7.7,0.09,0.0
587,7,29,0,0,8,1.4,1.0,1.0,0.0,0.0,0.0,3.0,0.91,0.8,-7.7,0.09,0.2
588,8,29,0,1,14,1.4,1.0,1.0,0.0,0.0,0.0,3.0,0.91,1.0,-7.7,0.09,0.0
589,9,29,0,0,2,1.4,1.0,1.0,0.0,0.0,0.0,3.0,0.91,0.0,-7.7,0.09,1.0
590,10,29,0,0,13,1.4,1.0,1.0,0.0,0.0,0.0,3.0,0.91,0.8,-7.7,0.09,0.2
591,11,29,0,0,9,1.4,1.0,1.0,0.0,0.0,0.0,3.0,0.91,0.833,-7.7,0.09,0.167
592,12,29,0,0,3,1.4,1.0,1.0,0.0,0.0,0.0,3.0,0.91,0.5,-7.7,0.09,0.5
593,13,29,0,0,4,1.4,1.0,1.0,0.0,0.0,0.0,3.0,0.91,0.5,-7.7,0.09,0.5
594,14,29,0,1,20,1.4,1.0,1.0,0.0,0.0,0.0,3.0,0.91,1.0,-7.7,0.09,0.0
595,15,29,0,0,8,1.4,1.0,1.0,0.0,0.0,0.0,3.0,0.91,0.75,-7.7,0.09,0.25
596,16,29,0,1,17,1.4,1.0,1.0,0.0,0.0,0.0,3.0,0.91,1.0,-7.7,0.09,0.0
597,17,29,0,0,9,1.4,1.0,1.0,0.0,0.0,0.0,3.0,0.91,0.8,-7.7,0.09,0.2
598,18,29,0,0,6,1.4,1.0,1.0,0.0,0.0,0.0,3.0,0.91,0.8,-7.7,0.09,0.2
599,19,29,0,0,18,1.4,1.0,1.0,0.0,0.0,0.0,3.0,0.91,0.9,-7.7,0.09,0.1
600,0,30,0,1,3,6.7,0.95,0.5,-1.8,0.05,0.5,6.4,1.0,1.0,0.0,0.0,0.0
601,1,30,0,1,12,6.7,0.95,1.0,-1.8,0.05,0.0,6.4,1.0,1.0,0.0,0.0,0.0
602,2,30,0,1,15,6.7,0.95,1.0,-1.8,0.05,0.0,6.4,1.0,1.0,0.0,0.0,0.0
603,3,30,0,1,16,6.7,0.95,1.0,-1.8,0.05,0.0,6.4,1.0,1.0,0.0,0.0,0.0
604,4,30,0,1,15,6.7,0.95,1.0,-1.8,0.05,0.0,6.4,1.0,1.0,0.0,0.0,0.0
605,5,30,0,1,14,6.7,0.95,1.0,-1.8,0.05,0.0,6.4,1.0,1.0,0.0,0.0,0.0
606,6,30,0,1,14,6.7,0.95,1.0,-1.8,0.05,0.0,6.4,1.0,1.0,0.0,0.0,0.0
607,7,30,0,1,15,6.7,0.95,1.0,-1.8,0.05,0.0,6.4,1.0,1.0,0.0,0.0,0.0
608,8,30,0,1,13,6.7,0.95,1.0,-1.8,0.05,0.0,6.4,1.0,1.0,0.0,0.0,0.0
609,9,30,0,1,15,6.7,0.95,1.0,-1.8,0.05,0.0,6.4,1.0,1.0,0.0,0.0,0.0
610,10,30,0,1,7,6.7,0.95,0.667,-1.8,0.05,0.333,6.4,1.0,1.0,0.0,0.0,0.0
611,11,30,0,1,12,6.7,0.95,1.0,-1.8,0.05,0.0,6.4,1.0,1.0,0.0,0.0,0.0
612,12,30,0,1,12,6.7,0.95,1.0,-1.8,0.05,0.0,6.4,1.0,1.0,0.0,0.0,0.0
613,13,30,0,1,11,6.7,0.95,1.0,-1.8,0.05,0.0,6.4,1.0,1.0,0.0,0.0,0.0
614,14,30,0,1,14,6.7,0.95,1.0,-1.8,0.05,0.0,6.4,1.0,1.0,0.0,0.0,0.0
615,15,30,0,1,14,6.7,0.95,1.0,-1.8,0.05,0.0,6.4,1.0,1.0,0.0,0.0,0.0
616,16,30,0,1,14,6.7,0.95,1.0,-1.8,0.05,0.0,6.4,1.0,1.0,0.0,0.0,0.0
617,17,30,0,1,13,6.7,0.95,1.0,-1.8,0.05,0.0,6.4,1.0,1.0,0.0,0.0,0.0
618,18,30,0,1,12,6.7,0.95,1.0,-1.8,0.05,0.0,6.4,1.0,1.0,0.0,0.0,0.0
619,19,30,0,1,15,6.7,0.95,1.0,-1.8,0.05,0.0,6.4,1.0,1.0,0.0,0.0,0.0
620,0,31,0,0,4,5.6,1.0,1.0,0.0,0.0,0.0,6.7,0.93,0.5,-5.0,0.07,0.5
621,1,31,0,0,25,5.6,1.0,1.0,0.0,0.0,0.0,6.7,0.93,0.909,-5.0,0.07,0.091
622,2,31,0,0,34,5.6,1.0,1.0,0.0,0.0,0.0,6.7,0.93,1.0,-5.0,0.07,0.0
623,3,31,0,0,61,5.6,1.0,1.0,0.0,0.0,0.0,6.7,0.93,1.0,-5.0,0.07,0.0
624,4,31,0,0,17,5.6,1.0,1.0,0.0,0.0,0.0,6.7,0.93,0.889,-5.0,0.07,0.111
625,5,31,0,0,27,5.6,1.0,1.0,0.0,0.0,0.0,6.7,0.93,0.929,-5.0,0.07,0.071
626,6,31,0,0,29,5.6,1.0,1.0,0.0,0.0,0.0,6.7,0.93,1.0,-5.0,0.07,0.0
627,7,31,0,0,19,5.6,1.0,1.0,0.0,0.0,0.0,6.7,0.93,1.0,-5.0,0.07,0.0
628,8,31,0,0,4,5.6,1.0,1.0,0.0,0.0,0.0,6.7,0.93,0.5,-5.0,0.07,0.5
629,9,31,0,0,25,5.6,1.0,1.0,0.0,0.0,0.0,6.7,0.93,0.917,-5.0,0.07,0.083
630,10,31,0,0,7,5.6,1.0,1.0,0.0,0.0,0.0,6.7,0.93,0.8,-5.0,0.07,0.2
631,11,31,0,0,3,5.6,1.0,1.0,0.0,0.0,0.0,6.7,0.93,0.5,-5.0,0.07,0.5
632,12,31,0,0,10,5.6,1.0,1.0,0.0,0.0,0.0,6.7,0.93,0.875,-5.0,0.07,0.125
633,13,31,0,0,5,5.6,1.0,1.0,0.0,0.0,0.0,6.7,0.93,0.5,-5.0,0.07,0.5
634,14,31,0,0,4,5.6,1.0,1.0,0.0,0.0,0.0,6.7,0.93,0.667,-5.0,0.07,0.333
635,15,31,0,0,19,5.6,1.0,1.0,0.0,0.0,0.0,6.7,0.93,0.917,-5.0,0.07,0.083
636,16,31,0,0,14,5.6,1.0,1.0,0.0,0.0,0.0,6.7,0.93,0.875,-5.0,0.07,0.125
637,17,31,0,0,11,5.6,1.0,1.0,0.0,0.0,0.0,6.7,0.93,0.833,-5.0,0.07,0.167
638,18,31,0,0,29,5.6,1.0,1.0,0.0,0.0,0.0,6.7,0.93,1.0,-5.0,0.07,0.0
639,19,31,0,0,18,5.6,1.0,1.0,0.0,0.0,0.0,6.7,0.93,0.857,-5.0,0.07,0.143
640,0,32,0,1,10,7.3,0.96,1.0,-8.5,0.04,0.0,6.8,1.0,1.0,0.0,0.0,0.0
641,1,32,0,1,10,7.3,0.96,1.0,-8.5,0.04,0.0,6.8,1.0,1.0,0.0,0.0,0.0
642,2,32,0,1,7,7.3,0.96,1.0,-8.5,0.04,0.0,6.8,1.0,1.0,0.0,0.0,0.0
643,3,32,0,1,10,7.3,0.96,1.0,-8.5,0.04,0.0,6.8,1.0,1.0,0.0,0.0,0.0
644,4,32,0,1,10,7.3,0.96,1.0,-8.5,0.04,0.0,6.8,1.0,1.0,0.0,0.0,0.0
645,5,32,0,1,8,7.3,0.96,1.0,-8.5,0.04,0.0,6.8,1.0,1.0,0.0,0.0,0.0
646,6,32,0,1,8,7.3,0.96,1.0,-8.5,0.04,0.0,6.8,1.0,1.0,0.0,0.0,0.0
647,7,32,0,1,12,7.3,0.96,1.0,-8.5,0.04,0.0,6.8,1.0,1.0,0.0,0.0,0.0
648,8,32,0,1,10,7.3,0.96,1.0,-8.5,0.04,0.0,6.8,1.0,1.0,0.0,0.0,0.0
649,9,32,0,1,11,7.3,0.96,1.0,-8.5,0.04,0.0,6.8,1.0,1.0,0.0,0.0,0.0
650,10,32,0,1,4,7.3,0.96,0.5,-8.5,0.04,0.5,6.8,1.0,1.0,0.0,0.0,0.0
651,11,32,0,1,8,7.3,0.96,1.0,-8.5,0.04,0.0,6.8,1.0,1.0,0.0,0.0,0.0
652,12,32,0,1,5,7.3,0.96,0.667,-8.5,0.04,0.333,6.8,1.0,1.0,0.0,0.0,0.0
653,13,32,0,1,9,7.3,0.96,1.0,-8.5,0.04,0.0,6.8,1.0,1.0,0.0,0.0,0.0
654,14,32,0,1,14,7.3,0.96,1.0,-8.5,0.04,0.0,6.8,1.0,1.0,0.0,0.0,0.0
655,15,32,0,1,11,7.3,0.96,1.0,-8.5,0.04,0.0,6.8,1.0,1.0,0.0,0.0,0.0
656,16,32,0,1,11,7.3,0.96,1.0,-8.5,0.04,0.0,6.8,1.0,1.0,0.0,0.0,0.0
657,17,32,0,1,12,7.3,0.96,1.0,-8.5,0.04,0.0,6.8,1.0,1.0,0.0,0.0,0.0
658,18,32,0,1,10,7.3,0.96,1.0,-8.5,0.04,0.0,6.8,1.0,1.0,0.0,0.0,0.0
659,19,32,0,1,12,7.3,0.96,1.0,-8.5,0.04,0.0,6.8,1.0,1.0,0.0,0.0,0.0
660,0,33,0,1,5,-4.1,1.0,1.0,0.0,0.0,0.0,1.3,0.05,0.333,-4.3,0.95,0.667
661,1,33,0,1,8,-4.1,1.0,1.0,0.0,0.0,0.0,1.3,0.05,0.333,-4.3,0.95,0.667
662,2,33,0,1,21,-4.1,1.0,1.0,0.0,0.0,0.0,1.3,0.05,0.0,-4.3,0.95,1.0
663,3,33,0,1,22,-4.1,1.0,1.0,0.0,0.0,0.0,1.3,0.05,0.0,-4.3,0.95,1.0
664,4,33,0,1,23,-4.1,1.0,1.0,0.0,0.0,0.0,1.3,0.05,0.071,-4.3,0.95,0.929
665,5,33,0,1,12,-4.1,1.0,1.0,0.0,0.0,0.0,1.3,0.05,0.143,-4.3,0.95,0.857
666,6,33,0,1,24,-4.1,1.0,1.0,0.0,0.0,0.0,1.3,0.05,0.0,-4.3,0.95,1.0
667,7,33,0,1,19,-4.1,1.0,1.0,0.0,0.0,0.0,1.3,0.05,0.0,-4.3,0.95,1.0
668,8,33,0,1,17,-4.1,1.0,1.0,0.0,0.0,0.0,1.3,0.05,0.1,-4.3,0.95,0.9
669,9,33,0,1,22,-4.1,1.0,1.0,0.0,0.0,0.0,1.3,0.05,0.0,-4.3,0.95,1.0
670,10,33,0,1,25,-4.1,1.0,1.0,0.0,0.0,0.0,1.3,0.05,0.059,-4.3,0.95,0.941
671,11,33,0,1,14,-4.1,1.0,1.0,0.0,0.0,0.0,1.3,0.05,0.111,-4.3,0.95,0.889
672,12,33,0,1,21,-4.1,1.0,1.0,0.0,0.0,0.0,1.3,0.05,0.0,-4.3,0.95,1.0
673,13,33,0,1,20,-4.1,1.0,1.0,0.0,0.0,0.0,1.3,0.05,0.0,-4.3,0.95,1.0
674,14,33,0,1,23,-4.1,1.0,1.0,0.0,0.0,0.0,1.3,0.05,0.0,-4.3,0.95,1.0
675,15,33,0,1,22,-4.1,1.0,1.0,0.0,0.0,0.0,1.3,0.05,0.0,-4.3,0.95,1.0
676,16,33,0,1,24,-4.1,1.0,1.0,0.0,0.0,0.0,1.3,0.05,0.0,-4.3,0.95,1.0
677,17,33,0,1,22,-4.1,1.0,1.0,0.0,0.0,0.0,1.3,0.05,0.0,-4.3,0.95,1.0
678,18,33,0,1,21,-4.1,1.0,1.0,0.0,0.0,0.0,1.3,0.05,0.0,-4.3,0.95,1.0
679,19,33,0,1,8,-4.1,1.0,1.0,0.0,0.0,0.0,1.3,0.05,0.333,-4.3,0.95,0.667
680,0,34,0,0,28,2.2,1.0,1.0,0.0,0.0,0.0,3.0,0.93,0.944,-7.2,0.07,0.056
681,1,34,0,0,7,2.2,1.0,1.0,0.0,0.0,0.0,3.0,0.93,0.833,-7.2,0.07,0.167
682,2,34,0,0,4,2.2,1.0,1.0,0.0,0.0,0.0,3.0,0.93,0.667,-7.2,0.07,0.333
683,3,34,0,0,12,2.2,1.0,1.0,0.0,0.0,0.0,3.0,0.93,0.857,-7.2,0.07,0.143
684,4,34,0,0,15,2.2,1.0,1.0,0.0,0.0,0.0,3.0,0.93,1.0,-7.2,0.07,0.0
685,5,34,0,0,4,2.2,1.0,1.0,0.0,0.0,0.0,3.0,0.93,0.5,-7.2,0.07,0.5
686,6,34,0,0,21,2.2,1.0,1.0,0.0,0.0,0.0,3.0,0.93,1.0,-7.2,0.07,0.0
687,7,34,0,0,9,2.2,1.0,1.0,0.0,0.0,0.0,3.0,0.93,0.75,-7.2,0.07,0.25
688,8,34,0,0,5,2.2,1.0,1.0,0.0,0.0,0.0,3.0,0.93,0.75,-7.2,0.07,0.25
689,9,34,0,0,2,2.2,1.0,1.0,0.0,0.0,0.0,3.0,0.93,0.0,-7.2,0.07,1.0
690,10,34,0,0,26,2.2,1.0,1.0,0.0,0.0,0.0,3.0,0.93,0.917,-7.2,0.07,0.083
691,11,34,0,0,9,2.2,1.0,1.0,0.0,0.0,0.0,3.0,0.93,0.857,-7.2,0.07,0.143
692,12,34,0,0,38,2.2,1.0,1.0,0.0,0.0,0.0,3.0,0.93,1.0,-7.2,0.07,0.0
693,13,34,0,0,22,2.2,1.0,1.0,0.0,0.0,0.0,3.0,0.93,1.0,-7.2,0.07,0.0
694,14,34,0,0,33,2.2,1.0,1.0,0.0,0.0,0.0,3.0,0.93,1.0,-7.2,0.07,0.0
695,15,34,0,0,17,2.2,1.0,1.0,0.0,0.0,0.0,3.0,0.93,0.875,-7.2,0.07,0.125
696,16,34,0,0,16,2.2,1.0,1.0,0.0,0.0,0.0,3.0,0.93,0.917,-7.2,0.07,0.083
697,17,34,0,0,23,2.2,1.0,1.0,0.0,0.0,0.0,3.0,0.93,0.917,-7.2,0.07,0.083
698,18,34,0,0,27,2.2,1.0,1.0,0.0,0.0,0.0,3.0,0.93,1.0,-7.2,0.07,0.0
699,19,34,0,0,3,2.2,1.0,1.0,0.0,0.0,0.0,3.0,0.93,0.5,-7.2,0.07,0.5
700,0,35,0,0,4,5.0,0.08,0.333,-9.1,0.92,0.667,-7.9,1.0,1.0,0.0,0.0,0.0
701,1,35,0,0,12,5.0,0.08,0.0,-9.1,0.92,1.0,-7.9,1.0,1.0,0.0,0.0,0.0
702,2,35,0,0,13,5.0,0.08,0.0,-9.1,0.92,1.0,-7.9,1.0,1.0,0.0,0.0,0.0
703,3,35,0,0,23,5.0,0.08,0.0,-9.1,0.92,1.0,-7.9,1.0,1.0,0.0,0.0,0.0
704,4,35,0,0,5,5.0,0.08,0.333,-9.1,0.92,0.667,-7.9,1.0,1.0,0.0,0.0,0.0
705,5,35,0,0,20,5.0,0.08,0.0,-9.1,0.92,1.0,-7.9,1.0,1.0,0.0,0.0,0.0
706,6,35,0,0,20,5.0,0.08,0.0,-9.1,0.92,1.0,-7.9,1.0,1.0,0.0,0.0,0.0
707,7,35,0,0,9,5.0,0.08,0.167,-9.1,0.92,0.833,-7.9,1.0,1.0,0.0,0.0,0.0
708,8,35,0,0,11,5.0,0.08,0.0,-9.1,0.92,1.0,-7.9,1.0,1.0,0.0,0.0,0.0
709,9,35,0,0,23,5.0,0.08,0.0,-9.1,0.92,1.0,-7.9,1.0,1.0,0.0,0.0,0.0
710,10,35,0,0,10,5.0,0.08,0.2,-9.1,0.92,0.8,-7.9,1.0,1.0,0.0,0.0,0.0
711,11,35,0,0,15,5.0,0.08,0.111,-9.1,0.92,0.889,-7.9,1.0,1.0,0.0,0.0,0.0
712,12,35,0,0,11,5.0,0.08,0.0,-9.1,0.92,1.0,-7.9,1.0,1.0,0.0,0.0,0.0
713,13,35,0,0,17,5.0,0.08,0.1,-9.1,0.92,0.9,-7.9,1.0,1.0,0.0,0.0,0.0
714,14,35,0,0,19,5.0,0.08,0.0,-9.1,0.92,1.0,-7.9,1.0,1.0,0.0,0.0,0.0
715,15,35,0,0,19,5.0,0.08,0.0,-9.1,0.92,1.0,-7.9,1.0,1.0,0.0,0.0,0.0
716,16,35,0,0,3,5.0,0.08,0.5,-9.1,0.92,0.5,-7.9,1.0,1.0,0.0,0.0,0.0
717,17,35,0,0,10,5.0,0.08,0.2,-9.1,0.92,0.8,-7.9,1.0,1.0,0.0,0.0,0.0
718,18,35,0,0,10,5.0,0.08,0.0,-9.1,0.92,1.0,-7.9,1.0,1.0,0.0,0.0,0.0
719,19,35,0,0,18,5.0,0.08,0.0,-9.1,0.92,1.0,-7.9,1.0,1.0,0.0,0.0,0.0
720,0,36,0,1,13,2.1,0.8,0.875,-8.4,0.2,0.125,1.3,1.0,1.0,0.0,0.0,0.0
721,1,36,0,1,2,2.1,0.8,0.0,-8.4,0.2,1.0,1.3,1.0,1.0,0.0,0.0,0.0
722,2,36,0,1,6,2.1,0.8,0.75,-8.4,0.2,0.25,1.3,1.0,1.0,0.0,0.0,0.0
723,3,36,0,1,5,2.1,0.8,0.667,-8.4,0.2,0.333,1.3,1.0,1.0,0.0,0.0,0.0
724,4,36,0,1,12,2.1,0.8,0.875,-8.4,0.2,0.125,1.3,1.0,1.0,0.0,0.0,0.0
725,5,36,0,1,9,2.1,0.8,0.8,-8.4,0.2,0.2,1.3,1.0,1.0,0.0,0.0,0.0
726,6,36,0,1,2,2.1,0.8,0.0,-8.4,0.2,1.0,1.3,1.0,1.0,0.0,0.0,0.0
727,7,36,0,1,2,2.1,0.8,0.0,-8.4,0.2,1.0,1.3,1.0,1.0,0.0,0.0,0.0
728,8,36,0,1,2,2.1,0.8,0.0,-8.4,0.2,1.0,1.3,1.0,1.0,0.0,0.0,0.0
729,9,36,0,1,14,2.1,0.8,0.889,-8.4,0.2,0.111,1.3,1.0,1.0,0.0,0.0,0.0
730,10,36,0,1,3,2.1,0.8,0.5,-8.4,0.2,0.5,1.3,1.0,1.0,0.0,0.0,0.0
731,11,36,0,1,9,2.1,0.8,0.8,-8.4,0.2,0.2,1.3,1.0,1.0,0.0,0.0,0.0
732,12,36,0,1,5,2.1,0.8,0.5,-8.4,0.2,0.5,1.3,1.0,1.0,0.0,0.0,0.0
733,13,36,0,1,5,2.1,0.8,0.667,-8.4,0.2,0.333,1.3,1.0,1.0,0.0,0.0,0.0
734,14,36,0,1,2,2.1,0.8,0.0,-8.4,0.2,1.0,1.3,1.0,1.0,0.0,0.0,0.0
735,15,36,0,1,12,2.1,0.8,1.0,-8.4,0.2,0.0,1.3,1.0,1.0,0.0,0.0,0.0
736,16,36,0,1,6,2.1,0.8,1.0,-8.4,0.2,0.0,1.3,1.0,1.0,0.0,0.0,0.0
737,17,36,0,1,14,2.1,0.8,0.9,-8.4,0.2,0.1,1.3,1.0,1.0,0.0,0.0,0.0
738,18,36,0,1,2,2.1,0.8,0.0,-8.4,0.2,1.0,1.3,1.0,1.0,0.0,0.0,0.0
739,19,36,0,1,7,2.1,0.8,0.8,-8.4,0.2,0.2,1.3,1.0,1.0,0.0,0.0,0.0
740,0,37,0,0,35,6.7,0.07,0.0,-6.2,0.93,1.0,-5.1,1.0,1.0,0.0,0.0,0.0
741,1,37,0,0,61,6.7,0.07,0.0,-6.2,0.93,1.0,-5.1,1.0,1.0,0.0,0.0,0.0
742,2,37,0,0,21,6.7,0.07,0.0,-6.2,0.93,1.0,-5.1,1.0,1.0,0.0,0.0,0.0
743,3,37,0,0,16,6.7,0.07,0.091,-6.2,0.93,0.909,-5.1,1.0,1.0,0.0,0.0,0.0
744,4,37,0,0,35,6.7,0.07,0.043,-6.2,0.93,0.957,-5.1,1.0,1.0,0.0,0.0,0.0
745,5,37,0,0,40,6.7,0.07,0.0,-6.2,0.93,1.0,-5.1,1.0,1.0,0.0,0.0,0.0
746,6,37,0,0,9,6.7,0.07,0.25,-6.2,0.93,0.75,-5.1,1.0,1.0,0.0,0.0,0.0
747,7,37,0,0,38,6.7,0.07,0.0,-6.2,0.93,1.0,-5.1,1.0,1.0,0.0,0.0,0.0
748,8,37,0,0,9,6.7,0.07,0.2,-6.2,0.93,0.8,-5.1,1.0,1.0,0.0,0.0,0.0
749,9,37,0,0,14,6.7,0.07,0.0,-6.2,0.93,1.0,-5.1,1.0,1.0,0.0,0.0,0.0
750,10,37,0,0,2,6.7,0.07,1.0,-6.2,0.93,0.0,-5.1,1.0,1.0,0.0,0.0,0.0
751,11,37,0,0,28,6.7,0.07,0.0,-6.2,0.93,1.0,-5.1,1.0,1.0,0.0,0.0,0.0
752,12,37,0,0,15,6.7,0.07,0.167,-6.2,0.93,0.833,-5.1,1.0,1.0,0.0,0.0,0.0
753,13,37,0,0,24,6.7,0.07,0.0,-6.2,0.93,1.0,-5.1,1.0,1.0,0.0,0.0,0.0
754,14,37,0,0,4,6.7,0.07,0.333,-6.2,0.93,0.667,-5.1,1.0,1.0,0.0,0.0,0.0
755,15,37,0,0,24,6.7,0.07,0.0,-6.2,0.93,1.0,-5.1,1.0,1.0,0.0,0.0,0.0
756,16,37,0,0,26,6.7,0.07,0.0,-6.2,0.93,1.0,-5.1,1.0,1.0,0.0,0.0,0.0
757,17,37,0,0,21,6.7,0.07,0.0,-6.2,0.93,1.0,-5.1,1.0,1.0,0.0,0.0,0.0
758,18,37,0,0,17,6.7,0.07,0.1,-6.2,0.93,0.9,-5.1,1.0,1.0,0.0,0.0,0.0
759,19,37,0,0,10,6.7,0.07,0.143,-6.2,0.93,0.857,-5.1,1.0,1.0,0.0,0.0,0.0
760,0,38,0,1,5,-6.9,1.0,1.0,0.0,0.0,0.0,7.4,0.3,0.0,-8.2,0.7,1.0
761,1,38,0,1,3,-6.9,1.0,1.0,0.0,0.0,0.0,7.4,0.3,0.5,-8.2,0.7,0.5
762,2,38,0,1,5,-6.9,1.0,1.0,0.0,0.0,0.0,7.4,0.3,0.333,-8.2,0.7,0.667
763,3,38,0,1,6,-6.9,1.0,1.0,0.0,0.0,0.0,7.4,0.3,0.25,-8.2,0.7,0.75
764,4,38,0,1,4,-6.9,1.0,1.0,0.0,0.0,0.0,7.4,0.3,0.0,-8.2,0.7,1.0
765,5,38,0,1,4,-6.9,1.0,1.0,0.0,0.0,0.0,7.4,0.3,0.0,-8.2,0.7,1.0
766,6,38,0,1,5,-6.9,1.0,1.0,0.0,0.0,0.0,7.4,0.3,0.0,-8.2,0.7,1.0
767,7,38,0,1,4,-6.9,1.0,1.0,0.0,0.0,0.0,7.4,0.3,0.0,-8.2,0.7,1.0
768,8,38,0,1,6,-6.9,1.0,1.0,0.0,0.0,0.0,7.4,0.3,0.0,-8.2,0.7,1.0
769,9,38,0,1,2,-6.9,1.0,1.0,0.0,0.0,0.0,7.4,0.3,1.0,-8.2,0.7,0.0
770,10,38,0,1,4,-6.9,1.0,1.0,0.0,0.0,0.0,7.4,0.3,0.0,-8.2,0.7,1.0
771,11,38,0,1,6,-6.9,1.0,1.0,0.0,0.0,0.0,7.4,0.3,0.0,-8.2,0.7,1.0
772,12,38,0,1,7,-6.9,1.0,1.0,0.0,0.0,0.0,7.4,0.3,0.0,-8.2,0.7,1.0
773,13,38,0,1,4,-6.9,1.0,1.0,0.0,0.0,0.0,7.4,0.3,0.5,-8.2,0.7,0.5
774,14,38,0,1,4,-6.9,1.0,1.0,0.0,0.0,0.0,7.4,0.3,0.5,-8.2,0.7,0.5
775,15,38,0,1,3,-6.9,1.0,1.0,0.0,0.0,0.0,7.4,0.3,0.5,-8.2,0.7,0.5
776,16,38,0,1,7,-6.9,1.0,1.0,0.0,0.0,0.0,7.4,0.3,0.0,-8.2,0.7,1.0
777,17,38,0,1,5,-6.9,1.0,1.0,0.0,0.0,0.0,7.4,0.3,0.0,-8.2,0.7,1.0
778,18,38,0,1,5,-6.9,1.0,1.0,0.0,0.0,0.0,7.4,0.3,0.0,-8.2,0.7,1.0
779,19,38,0,1,9,-6.9,1.0,1.0,0.0,0.0,0.0,7.4,0.3,0.0,-8.2,0.7,1.0
780,0,39,0,1,17,6.0,0.98,1.0,-1.3,0.02,0.0,5.9,1.0,1.0,0.0,0.0,0.0
781,1,39,0,1,17,6.0,0.98,1.0,-1.3,0.02,0.0,5.9,1.0,1.0,0.0,0.0,0.0
782,2,39,0,1,3,6.0,0.98,0.5,-1.3,0.02,0.5,5.9,1.0,1.0,0.0,0.0,0.0
783,3,39,0,1,16,6.0,0.98,1.0,-1.3,0.02,0.0,5.9,1.0,1.0,0.0,0.0,0.0
784,4,39,0,1,17,6.0,0.98,1.0,-1.3,0.02,0.0,5.9,1.0,1.0,0.0,0.0,0.0
785,5,39,0,1,17,6.0,0.98,1.0,-1.3,0.02,0.0,5.9,1.0,1.0,0.0,0.0,0.0
786,6,39,0,1,17,6.0,0.98,1.0,-1.3,0.02,0.0,5.9,1.0,1.0,0.0,0.0,0.0
787,7,39,0,1,18,6.0,0.98,1.0,-1.3,0.02,0.0,5.9,1.0,1.0,0.0,0.0,0.0
788,8,39,0,1,18,6.0,0.98,1.0,-1.3,0.02,0.0,5.9,1.0,1.0,0.0,0.0,0.0
789,9,39,0,1,18,6.0,0.98,1.0,-1.3,0.02,0.0,5.9,1.0,1.0,0.0,0.0,0.0
790,10,39,0,1,19,6.0,0.98,1.0,-1.3,0.02,0.0,5.9,1.0,1.0,0.0,0.0,0.0
791,11,39,0,1,18,6.0,0.98,1.0,-1.3,0.02,0.0,5.9,1.0,1.0,0.0,0.0,0.0
792,12,39,0,1,20,6.0,0.98,1.0,-1.3,0.02,0.0,5.9,1.0,1.0,0.0,0.0,0.0
793,13,39,0,1,12,6.0,0.98,0.8,-1.3,0.02,0.2,5.9,1.0,1.0,0.0,0.0,0.0
794,14,39,0,1,7,6.0,0.98,0.8,-1.3,0.02,0.2,5.9,1.0,1.0,0.0,0.0,0.0
795,15,39,0,1,17,6.0,0.98,1.0,-1.3,0.02,0.0,5.9,1.0,1.0,0.0,0.0,0.0
796,16,39,0,1,16,6.0,0.98,1.0,-1.3,0.02,0.0,5.9,1.0,1.0,0.0,0.0,0.0
797,17,39,0,1,18,6.0,0.98,1.0,-1.3,0.02,0.0,5.9,1.0,1.0,0.0,0.0,0.0
798,18,39,0,1,17,6.0,0.98,1.0,-1.3,0.02,0.0,5.9,1.0,1.0,0.0,0.0,0.0
799,19,39,0,1,4,6.0,0.98,0.5,-1.3,0.02,0.5,5.9,1.0,1.0,0.0,0.0,0.0
800,0,40,0,0,18,15.5,1.0,1.0,0.0,0.0,0.0,18.8,0.8,0.75,7.6,0.2,0.25
801,1,40,0,0,22,15.5,1.0,1.0,0.0,0.0,0.0,18.8,0.8,0.769,7.6,0.2,0.231
802,2,40,0,0,13,15.5,1.0,1.0,0.0,0.0,0.0,18.8,0.8,0.667,7.6,0.2,0.333
803,3,40,0,0,17,15.5,1.0,1.0,0.0,0.0,0.0,18.8,0.8,0.714,7.6,0.2,0.286
804,4,40,0,0,22,15.5,1.0,1.0,0.0,0.0,0.0,18.8,0.8,0.714,7.6,0.2,0.286
805,5,40,0,0,19,15.5,1.0,1.0,0.0,0.0,0.0,18.8,0.8,0.727,7.6,0.2,0.273
806,6,40,0,0,18,15.5,1.0,1.0,0.0,0.0,0.0,18.8,0.8,0.75,7.6,0.2,0.25
807,7,40,0,0,34,15.5,1.0,1.0,0.0,0.0,0.0,18.8,0.8,0.857,7.6,0.2,0.143
808,8,40,0,0,24,15.5,1.0,1.0,0.0,0.0,0.0,18.8,0.8,0.833,7.6,0.2,0.167
809,9,40,0,0,11,15.5,1.0,1.0,0.0,0.0,0.0,18.8,0.8,0.571,7.6,0.2,0.429
810,10,40,0,0,10,15.5,1.0,1.0,0.0,0.0,0.0,18.8,0.8,0.4,7.6,0.2,0.6
811,11,40,0,0,22,15.5,1.0,1.0,0.0,0.0,0.0,18.8,0.8,0.818,7.6,0.2,0.182
812,12,40,0,0,14,15.5,1.0,1.0,0.0,0.0,0.0,18.8,0.8,0.6,7.6,0.2,0.4
813,13,40,0,0,32,15.5,1.0,1.0,0.0,0.0,0.0,18.8,0.8,0.889,7.6,0.2,0.111
814,14,40,0,0,24,15.5,1.0,1.0,0.0,0.0,0.0,18.8,0.8,0.8,7.6,0.2,0.2
815,15,40,0,0,34,15.5,1.0,1.0,0.0,0.0,0.0,18.8,0.8,0.9,7.6,0.2,0.1
816,16,40,0,0,14,15.5,1.0,1.0,0.0,0.0,0.0,18.8,0.8,0.6,7.6,0.2,0.4
817,17,40,0,0,16,15.5,1.0,1.0,0.0,0.0,0.0,18.8,0.8,0.625,7.6,0.2,0.375
818,18,40,0,0,18,15.5,1.0,1.0,0.0,0.0,0.0,18.8,0.8,0.667,7.6,0.2,0.333
819,19,40,0,0,24,15.5,1.0,1.0,0.0,0.0,0.0,18.8,0.8,0.8,7.6,0.2,0.2
820,0,41,0,1,10,17.9,0.92,0.714,7.2,0.08,0.286,17.1,1.0,1.0,0.0,0.0,0.0
821,1,41,0,1,7,17.9,0.92,1.0,7.2,0.08,0.0,17.1,1.0,1.0,0.0,0.0,0.0
822,2,41,0,1,6,17.9,0.92,1.0,7.2,0.08,0.0,17.1,1.0,1.0,0.0,0.0,0.0
823,3,41,0,1,9,17.9,0.92,0.667,7.2,0.08,0.333,17.1,1.0,1.0,0.0,0.0,0.0
824,4,41,0,1,7,17.9,0.92,1.0,7.2,0.08,0.0,17.1,1.0,1.0,0.0,0.0,0.0
825,5,41,0,1,9,17.9,0.92,0.667,7.2,0.08,0.333,17.1,1.0,1.0,0.0,0.0,0.0
826,6,41,0,1,7,17.9,0.92,1.0,7.2,0.08,0.0,17.1,1.0,1.0,0.0,0.0,0.0
827,7,41,0,1,7,17.9,0.92,1.0,7.2,0.08,0.0,17.1,1.0,1.0,0.0,0.0,0.0
828,8,41,0,1,8,17.9,0.92,0.857,7.2,0.08,0.143,17.1,1.0,1.0,0.0,0.0,0.0
829,9,41,0,1,8,17.9,0.92,0.75,7.2,0.08,0.25,17.1,1.0,1.0,0.0,0.0,0.0
830,10,41,0,1,7,17.9,0.92,1.0,7.2,0.08,0.0,17.1,1.0,1.0,0.0,0.0,0.0
831,11,41,0,1,8,17.9,0.92,0.75,7.2,0.08,0.25,17.1,1.0,1.0,0.0,0.0,0.0
832,12,41,0,1,7,17.9,0.92,1.0,7.2,0.08,0.0,17.1,1.0,1.0,0.0,0.0,0.0
833,13,41,0,1,7,17.9,0.92,1.0,7.2,0.08,0.0,17.1,1.0,1.0,0.0,0.0,0.0
834,14,41,0,1,7,17.9,0.92,1.0,7.2,0.08,0.0,17.1,1.0,1.0,0.0,0.0,0.0
835,15,41,0,1,12,17.9,0.92,0.5,7.2,0.08,0.5,17.1,1.0,1.0,0.0,0.0,0.0
836,16,41,0,1,7,17.9,0.92,1.0,7.2,0.08,0.0,17.1,1.0,1.0,0.0,0.0,0.0
837,17,41,0,1,7,17.9,0.92,1.0,7.2,0.08,0.0,17.1,1.0,1.0,0.0,0.0,0.0
838,18,41,0,1,7,17.9,0.92,1.0,7.2,0.08,0.0,17.1,1.0,1.0,0.0,0.0,0.0
839,19,41,0,1,7,17.9,0.92,1.0,7.2,0.08,0.0,17.1,1.0,1.0,0.0,0.0,0.0
840,0,42,0,1,9,9.2,1.0,1.0,0.0,0.0,0.0,22.9,0.06,0.2,9.6,0.94,0.8
841,1,42,0,1,6,9.2,1.0,1.0,0.0,0.0,0.0,22.9,0.06,0.333,9.6,0.94,0.667
842,2,42,0,1,8,9.2,1.0,1.0,0.0,0.0,0.0,22.9,0.06,0.2,9.6,0.94,0.8
843,3,42,0,1,9,9.2,1.0,1.0,0.0,0.0,0.0,22.9,0.06,0.0,9.6,0.94,1.0
844,4,42,0,1,9,9.2,1.0,1.0,0.0,0.0,0.0,22.9,0.06,0.0,9.6,0.94,1.0
845,5,42,0,1,9,9.2,1.0,1.0,0.0,0.0,0.0,22.9,0.06,0.0,9.6,0.94,1.0
846,6,42,0,1,14,9.2,1.0,1.0,0.0,0.0,0.0,22.9,0.06,0.0,9.6,0.94,1.0
847,7,42,0,1,5,9.2,1.0,1.0,0.0,0.0,0.0,22.9,0.06,0.0,9.6,0.94,1.0
848,8,42,0,1,9,9.2,1.0,1.0,0.0,0.0,0.0,22.9,0.06,0.0,9.6,0.94,1.0
849,9,42,0,1,2,9.2,1.0,1.0,0.0,0.0,0.0,22.9,0.06,1.0,9.6,0.94,0.0
850,10,42,0,1,10,9.2,1.0,1.0,0.0,0.0,0.0,22.9,0.06,0.0,9.6,0.94,1.0
851,11,42,0,1,18,9.2,1.0,1.0,0.0,0.0,0.0,22.9,0.06,0.0,9.6,0.94,1.0
852,12,42,0,1,5,9.2,1.0,1.0,0.0,0.0,0.0,22.9,0.06,0.333,9.6,0.94,0.667
853,13,42,0,1,10,9.2,1.0,1.0,0.0,0.0,0.0,22.9,0.06,0.167,9.6,0.94,0.833
854,14,42,0,1,2,9.2,1.0,1.0,0.0,0.0,0.0,22.9,0.06,1.0,9.6,0.94,0.0
855,15,42,0,1,19,9.2,1.0,1.0,0.0,0.0,0.0,22.9,0.06,0.0,9.6,0.94,1.0
856,16,42,0,1,8,9.2,1.0,1.0,0.0,0.0,0.0,22.9,0.06,0.0,9.6,0.94,1.0
857,17,42,0,1,9,9.2,1.0,1.0,0.0,0.0,0.0,22.9,0.06,0.0,9.6,0.94,1.0
858,18,42,0,1,5,9.2,1.0,1.0,0.0,0.0,0.0,22.9,0.06,0.0,9.6,0.94,1.0
859,19,42,0,1,9,9.2,1.0,1.0,0.0,0.0,0.0,22.9,0.06,0.0,9.6,0.94,1.0
860,0,43,0,1,10,10.0,0.96,1.0,1.7,0.04,0.0,9.9,1.0,1.0,0.0,0.0,0.0
861,1,43,0,1,7,10.0,0.96,0.8,1.7,0.04,0.2,9.9,1.0,1.0,0.0,0.0,0.0
862,2,43,0,1,9,10.0,0.96,1.0,1.7,0.04,0.0,9.9,1.0,1.0,0.0,0.0,0.0
863,3,43,0,1,10,10.0,0.96,1.0,1.7,0.04,0.0,9.9,1.0,1.0,0.0,0.0,0.0
864,4,43,0,1,10,10.0,0.96,1.0,1.7,0.04,0.0,9.9,1.0,1.0,0.0,0.0,0.0
865,5,43,0,1,10,10.0,0.96,1.0,1.7,0.04,0.0,9.9,1.0,1.0,0.0,0.0,0.0
866,6,43,0,1,9,10.0,0.96,0.75,1.7,0.04,0.25,9.9,1.0,1.0,0.0,0.0,0.0
867,7,43,0,1,9,10.0,0.96,0.833,1.7,0.04,0.167,9.9,1.0,1.0,0.0,0.0,0.0
868,8,43,0,1,10,10.0,0.96,1.0,1.7,0.04,0.0,9.9,1.0,1.0,0.0,0.0,0.0
869,9,43,0,1,5,10.0,0.96,0.333,1.7,0.04,0.667,9.9,1.0,1.0,0.0,0.0,0.0
870,10,43,0,1,10,10.0,0.96,1.0,1.7,0.04,0.0,9.9,1.0,1.0,0.0,0.0,0.0
871,11,43,0,1,10,10.0,0.96,1.0,1.7,0.04,0.0,9.9,1.0,1.0,0.0,0.0,0.0
872,12,43,0,1,10,10.0,0.96,1.0,1.7,0.04,0.0,9.9,1.0,1.0,0.0,0.0,0.0
873,13,43,0,1,10,10.0,0.96,1.0,1.7,0.04,0.0,9.9,1.0,1.0,0.0,0.0,0.0
874,14,43,0,1,6,10.0,0.96,0.5,1.7,0.04,0.5,9.9,1.0,1.0,0.0,0.0,0.0
875,15,43,0,1,6,10.0,0.96,0.667,1.7,0.04,0.333,9.9,1.0,1.0,0.0,0.0,0.0
876,16,43,0,1,10,10.0,0.96,1.0,1.7,0.04,0.0,9.9,1.0,1.0,0.0,0.0,0.0
877,17,43,0,1,10,10.0,0.96,1.0,1.7,0.04,0.0,9.9,1.0,1.0,0.0,0.0,0.0
878,18,43,0,1,9,10.0,0.96,1.0,1.7,0.04,0.0,9.9,1.0,1.0,0.0,0.0,0.0
879,19,43,0,1,9,10.0,0.96,1.0,1.7,0.04,0.0,9.9,1.0,1.0,0.0,0.0,0.0
880,0,44,0,0,200,2.2,1.0,1.0,0.0,0.0,0.0,2.8,0.8,0.748,1.0,0.2,0.252
881,1,44,0,1,200,2.2,1.0,1.0,0.0,0.0,0.0,2.8,0.8,0.828,1.0,0.2,0.172
882,2,44,0,1,200,2.2,1.0,1.0,0.0,0.0,0.0,2.8,0.8,0.835,1.0,0.2,0.165
883,3,44,0,1,200,2.2,1.0,1.0,0.0,0.0,0.0,2.8,0.8,0.808,1.0,0.2,0.192
884,4,44,0,0,200,2.2,1.0,1.0,0.0,0.0,0.0,2.8,0.8,0.798,1.0,0.2,0.202
885,5,44,0,0,200,2.2,1.0,1.0,0.0,0.0,0.0,2.8,0.8,0.79,1.0,0.2,0.21
886,6,44,0,1,200,2.2,1.0,1.0,0.0,0.0,0.0,2.8,0.8,0.819,1.0,0.2,0.181
887,7,44,0,1,200,2.2,1.0,1.0,0.0,0.0,0.0,2.8,0.8,0.878,1.0,0.2,0.122
888,8,44,0,0,200,2.2,1.0,1.0,0.0,0.0,0.0,2.8,0.8,0.754,1.0,0.2,0.246
889,9,44,0,0,200,2.2,1.0,1.0,0.0,0.0,0.0,2.8,0.8,0.802,1.0,0.2,0.198
890,10,44,0,1,200,2.2,1.0,1.0,0.0,0.0,0.0,2.8,0.8,0.819,1.0,0.2,0.181
891,11,44,0,1,200,2.2,1.0,1.0,0.0,0.0,0.0,2.8,0.8,0.818,1.0,0.2,0.182
892,12,44,0,1,200,2.2,1.0,1.0,0.0,0.0,0.0,2.8,0.8,0.818,1.0,0.2,0.182
893,13,44,0,0,200,2.2,1.0,1.0,0.0,0.0,0.0,2.8,0.8,0.775,1.0,0.2,0.225
894,14,44,0,0,200,2.2,1.0,1.0,0.0,0.0,0.0,2.8,0.8,0.762,1.0,0.2,0.238
895,15,44,0,1,200,2.2,1.0,1.0,0.0,0.0,0.0,2.8,0.8,0.833,1.0,0.2,0.167
896,16,44,0,1,200,2.2,1.0,1.0,0.0,0.0,0.0,2.8,0.8,0.843,1.0,0.2,0.157
897,17,44,0,0,200,2.2,1.0,1.0,0.0,0.0,0.0,2.8,0.8,0.725,1.0,0.2,0.275
898,18,44,0,1,200,2.2,1.0,1.0,0.0,0.0,0.0,2.8,0.8,0.825,1.0,0.2,0.175
899,19,44,0,0,200,2.2,1.0,1.0,0.0,0.0,0.0,2.8,0.8,0.771,1.0,0.2,0.229
900,0,45,0,1,42,17.1,0.1,0.0,6.9,0.9,1.0,8.0,1.0,1.0,0.0,0.0,0.0
901,1,45,0,0,2,17.1,0.1,1.0,6.9,0.9,0.0,8.0,1.0,1.0,0.0,0.0,0.0
902,2,45,0,0,25,17.1,0.1,0.091,6.9,0.9,0.909,8.0,1.0,1.0,0.0,0.0,0.0
903,3,45,0,0,27,17.1,0.1,0.091,6.9,0.9,0.909,8.0,1.0,1.0,0.0,0.0,0.0
904,4,45,0,0,2,17.1,0.1,1.0,6.9,0.9,0.0,8.0,1.0,1.0,0.0,0.0,0.0
905,5,45,0,0,5,17.1,0.1,0.333,6.9,0.9,0.667,8.0,1.0,1.0,0.0,0.0,0.0
906,6,45,0,1,7,17.1,0.1,0.0,6.9,0.9,1.0,8.0,1.0,1.0,0.0,0.0,0.0
907,7,45,0,0,12,17.1,0.1,0.143,6.9,0.9,0.857,8.0,1.0,1.0,0.0,0.0,0.0
908,8,45,0,0,9,17.1,0.1,0.167,6.9,0.9,0.833,8.0,1.0,1.0,0.0,0.0,0.0
909,9,45,0,1,7,17.1,0.1,0.0,6.9,0.9,1.0,8.0,1.0,1.0,0.0,0.0,0.0
910,10,45,0,0,13,17.1,0.1,0.143,6.9,0.9,0.857,8.0,1.0,1.0,0.0,0.0,0.0
911,11,45,0,1,13,17.1,0.1,0.0,6.9,0.9,1.0,8.0,1.0,1.0,0.0,0.0,0.0
912,12,45,0,0,34,17.1,0.1,0.083,6.9,0.9,0.917,8.0,1.0,1.0,0.0,0.0,0.0
913,13,45,0,0,2,17.1,0.1,1.0,6.9,0.9,0.0,8.0,1.0,1.0,0.0,0.0,0.0
914,14,45,0,1,29,17.1,0.1,0.0,6.9,0.9,1.0,8.0,1.0,1.0,0.0,0.0,0.0
915,15,45,0,0,20,17.1,0.1,0.167,6.9,0.9,0.833,8.0,1.0,1.0,0.0,0.0,0.0
916,16,45,0,1,8,17.1,0.1,0.0,6.9,0.9,1.0,8.0,1.0,1.0,0.0,0.0,0.0
917,17,45,0,0,2,17.1,0.1,1.0,6.9,0.9,0.0,8.0,1.0,1.0,0.0,0.0,0.0
918,18,45,0,0,2,17.1,0.1,1.0,6.9,0.9,0.0,8.0,1.0,1.0,0.0,0.0,0.0
919,19,45,0,0,11,17.1,0.1,0.167,6.9,0.9,0.833,8.0,1.0,1.0,0.0,0.0,0.0
920,0,46,0,1,49,24.3,0.04,0.0,9.7,0.96,1.0,10.6,1.0,1.0,0.0,0.0,0.0
921,1,46,0,0,17,24.3,0.04,0.125,9.7,0.96,0.875,10.6,1.0,1.0,0.0,0.0,0.0
922,2,46,0,0,6,24.3,0.04,0.2,9.7,0.96,0.8,10.6,1.0,1.0,0.0,0.0,0.0
923,3,46,0,1,21,24.3,0.04,0.0,9.7,0.96,1.0,10.6,1.0,1.0,0.0,0.0,0.0
924,4,46,0,0,3,24.3,0.04,0.5,9.7,0.96,0.5,10.6,1.0,1.0,0.0,0.0,0.0
925,5,46,0,1,24,24.3,0.04,0.0,9.7,0.96,1.0,10.6,1.0,1.0,0.0,0.0,0.0
926,6,46,0,0,5,24.3,0.04,0.333,9.7,0.96,0.667,10.6,1.0,1.0,0.0,0.0,0.0
927,7,46,0,1,48,24.3,0.04,0.0,9.7,0.96,1.0,10.6,1.0,1.0,0.0,0.0,0.0
928,8,46,0,1,34,24.3,0.04,0.0,9.7,0.96,1.0,10.6,1.0,1.0,0.0,0.0,0.0
929,9,46,0,0,4,24.3,0.04,0.333,9.7,0.96,0.667,10.6,1.0,1.0,0.0,0.0,0.0
930,10,46,0,1,12,24.3,0.04,0.0,9.7,0.96,1.0,10.6,1.0,1.0,0.0,0.0,0.0
931,11,46,0,0,7,24.3,0.04,0.333,9.7,0.96,0.667,10.6,1.0,1.0,0.0,0.0,0.0
932,12,46,0,0,17,24.3,0.04,0.125,9.7,0.96,0.875,10.6,1.0,1.0,0.0,0.0,0.0
933,13,46,0,0,11,24.3,0.04,0.143,9.7,0.96,0.857,10.6,1.0,1.0,0.0,0.0,0.0
934,14,46,0,0,27,24.3,0.04,0.1,9.7,0.96,0.9,10.6,1.0,1.0,0.0,0.0,0.0
935,15,46,0,1,16,24.3,0.04,0.0,9.7,0.96,1.0,10.6,1.0,1.0,0.0,0.0,0.0
936,16,46,0,0,17,24.3,0.04,0.111,9.7,0.96,0.889,10.6,1.0,1.0,0.0,0.0,0.0
937,17,46,0,1,12,24.3,0.04,0.0,9.7,0.96,1.0,10.6,1.0,1.0,0.0,0.0,0.0
938,18,46,0,0,24,24.3,0.04,0.111,9.7,0.96,0.889,10.6,1.0,1.0,0.0,0.0,0.0
939,19,46,0,1,21,24.3,0.04,0.0,9.7,0.96,1.0,10.6,1.0,1.0,0.0,0.0,0.0
940,0,47,0,1,9,18.2,0.98,1.0,6.9,0.02,0.0,18.1,1.0,1.0,0.0,0.0,0.0
941,1,47,0,1,9,18.2,0.98,1.0,6.9,0.02,0.0,18.1,1.0,1.0,0.0,0.0,0.0
942,2,47,0,1,9,18.2,0.98,1.0,6.9,0.02,0.0,18.1,1.0,1.0,0.0,0.0,0.0
943,3,47,0,1,9,18.2,0.98,1.0,6.9,0.02,0.0,18.1,1.0,1.0,0.0,0.0,0.0
944,4,47,0,1,8,18.2,0.98,1.0,6.9,0.02,0.0,18.1,1.0,1.0,0.0,0.0,0.0
945,5,47,0,1,9,18.2,0.98,1.0,6.9,0.02,0.0,18.1,1.0,1.0,0.0,0.0,0.0
946,6,47,0,1,9,18.2,0.98,1.0,6.9,0.02,0.0,18.1,1.0,1.0,0.0,0.0,0.0
947,7,47,0,1,9,18.2,0.98,1.0,6.9,0.02,0.0,18.1,1.0,1.0,0.0,0.0,0.0
948,8,47,0,1,8,18.2,0.98,1.0,6.9,0.02,0.0,18.1,1.0,1.0,0.0,0.0,0.0
949,9,47,0,1,9,18.2,0.98,1.0,6.9,0.02,0.0,18.1,1.0,1.0,0.0,0.0,0.0
950,10,47,0,1,8,18.2,0.98,1.0,6.9,0.02,0.0,18.1,1.0,1.0,0.0,0.0,0.0
951,11,47,0,1,9,18.2,0.98,1.0,6.9,0.02,0.0,18.1,1.0,1.0,0.0,0.0,0.0
952,12,47,0,1,9,18.2,0.98,1.0,6.9,0.02,0.0,18.1,1.0,1.0,0.0,0.0,0.0
953,13,47,0,1,9,18.2,0.98,1.0,6.9,0.02,0.0,18.1,1.0,1.0,0.0,0.0,0.0
954,14,47,0,1,9,18.2,0.98,1.0,6.9,0.02,0.0,18.1,1.0,1.0,0.0,0.0,0.0
955,15,47,0,1,9,18.2,0.98,1.0,6.9,0.02,0.0,18.1,1.0,1.0,0.0,0.0,0.0
956,16,47,0,1,9,18.2,0.98,1.0,6.9,0.02,0.0,18.1,1.0,1.0,0.0,0.0,0.0
957,17,47,0,1,9,18.2,0.98,1.0,6.9,0.02,0.0,18.1,1.0,1.0,0.0,0.0,0.0
958,18,47,0,1,9,18.2,0.98,1.0,6.9,0.02,0.0,18.1,1.0,1.0,0.0,0.0,0.0
959,19,47,0,0,2,18.2,0.98,0.0,6.9,0.02,1.0,18.1,1.0,1.0,0.0,0.0,0.0
960,0,48,0,1,3,13.4,0.5,0.0,3.8,0.5,1.0,9.9,1.0,1.0,0.0,0.0,0.0
961,1,48,0,1,6,13.4,0.5,0.5,3.8,0.5,0.5,9.9,1.0,1.0,0.0,0.0,0.0
962,2,48,0,1,3,13.4,0.5,0.0,3.8,0.5,1.0,9.9,1.0,1.0,0.0,0.0,0.0
963,3,48,0,1,8,13.4,0.5,0.667,3.8,0.5,0.333,9.9,1.0,1.0,0.0,0.0,0.0
964,4,48,0,1,3,13.4,0.5,0.0,3.8,0.5,1.0,9.9,1.0,1.0,0.0,0.0,0.0
965,5,48,0,1,8,13.4,0.5,0.667,3.8,0.5,0.333,9.9,1.0,1.0,0.0,0.0,0.0
966,6,48,0,1,3,13.4,0.5,0.0,3.8,0.5,1.0,9.9,1.0,1.0,0.0,0.0,0.0
967,7,48,0,1,3,13.4,0.5,0.0,3.8,0.5,1.0,9.9,1.0,1.0,0.0,0.0,0.0
968,8,48,0,1,3,13.4,0.5,0.0,3.8,0.5,1.0,9.9,1.0,1.0,0.0,0.0,0.0
969,9,48,0,1,9,13.4,0.5,0.6,3.8,0.5,0.4,9.9,1.0,1.0,0.0,0.0,0.0
970,10,48,0,1,6,13.4,0.5,0.333,3.8,0.5,0.667,9.9,1.0,1.0,0.0,0.0,0.0
971,11,48,0,1,6,13.4,0.5,0.5,3.8,0.5,0.5,9.9,1.0,1.0,0.0,0.0,0.0
972,12,48,0,1,3,13.4,0.5,0.0,3.8,0.5,1.0,9.9,1.0,1.0,0.0,0.0,0.0
973,13,48,0,1,6,13.4,0.5,0.5,3.8,0.5,0.5,9.9,1.0,1.0,0.0,0.0,0.0
974,14,48,0,1,11,13.4,0.5,0.667,3.8,0.5,0.333,9.9,1.0,1.0,0.0,0.0,0.0
975,15,48,0,1,4,13.4,0.5,0.333,3.8,0.5,0.667,9.9,1.0,1.0,0.0,0.0,0.0
976,16,48,0,1,3,13.4,0.5,0.0,3.8,0.5,1.0,9.9,1.0,1.0,0.0,0.0,0.0
977,17,48,0,1,8,13.4,0.5,0.667,3.8,0.5,0.333,9.9,1.0,1.0,0.0,0.0,0.0
978,18,48,0,1,7,13.4,0.5,0.5,3.8,0.5,0.5,9.9,1.0,1.0,0.0,0.0,0.0
979,19,48,0,1,10,13.4,0.5,0.75,3.8,0.5,0.25,9.9,1.0,1.0,0.0,0.0,0.0
980,0,49,0,1,106,2.8,1.0,1.0,0.0,0.0,0.0,5.8,0.04,0.019,2.7,0.96,0.981
981,1,49,0,1,49,2.8,1.0,1.0,0.0,0.0,0.0,5.8,0.04,0.043,2.7,0.96,0.957
982,2,49,0,1,19,2.8,1.0,1.0,0.0,0.0,0.0,5.8,0.04,0.091,2.7,0.96,0.909
983,3,49,0,1,59,2.8,1.0,1.0,0.0,0.0,0.0,5.8,0.04,0.03,2.7,0.96,0.97
984,4,49,0,1,18,2.8,1.0,1.0,0.0,0.0,0.0,5.8,0.04,0.077,2.7,0.96,0.923
985,5,49,0,0,200,2.8,1.0,1.0,0.0,0.0,0.0,5.8,0.04,0.0,2.7,0.96,1.0
986,6,49,0,1,107,2.8,1.0,1.0,0.0,0.0,0.0,5.8,0.04,0.019,2.7,0.96,0.981
987,7,49,0,1,6,2.8,1.0,1.0,0.0,0.0,0.0,5.8,0.04,0.333,2.7,0.96,0.667
988,8,49,0,1,5,2.8,1.0,1.0,0.0,0.0,0.0,5.8,0.04,0.333,2.7,0.96,0.667
989,9,49,0,1,2,2.8,1.0,1.0,0.0,0.0,0.0,5.8,0.04,1.0,2.7,0.96,0.0
990,10,49,0,1,52,2.8,1.0,1.0,0.0,0.0,0.0,5.8,0.04,0.043,2.7,0.96,0.957
991,11,49,0,1,2,2.8,1.0,1.0,0.0,0.0,0.0,5.8,0.04,1.0,2.7,0.96,0.0
992,12,49,0,1,30,2.8,1.0,1.0,0.0,0.0,0.0,5.8,0.04,0.062,2.7,0.96,0.938
993,13,49,0,1,14,2.8,1.0,1.0,0.0,0.0,0.0,5.8,0.04,0.125,2.7,0.96,0.875
994,14,49,0,1,26,2.8,1.0,1.0,0.0,0.0,0.0,5.8,0.04,0.062,2.7,0.96,0.938
995,15,49,0,1,92,2.8,1.0,1.0,0.0,0.0,0.0,5.8,0.04,0.019,2.7,0.96,0.981
996,16,49,0,1,61,2.8,1.0,1.0,0.0,0.0,0.0,5.8,0.04,0.042,2.7,0.96,0.958
997,17,49,0,1,139,2.8,1.0,1.0,0.0,0.0,0.0,5.8,0.04,0.015,2.7,0.96,0.985
998,18,49,0,1,96,2.8,1.0,1.0,0.0,0.0,0.0,5.8,0.04,0.019,2.7,0.96,0.981
999,19,49,0,1,3,2.8,1.0,1.0,0.0,0.0,0.0,5.8,0.04,0.5,2.7,0.96,0.5
1000,0,50,0,1,8,13.1,0.94,1.0,3.8,0.06,0.0,12.8,1.0,1.0,0.0,0.0,0.0
1001,1,50,0,1,8,13.1,0.94,1.0,3.8,0.06,0.0,12.8,1.0,1.0,0.0,0.0,0.0
1002,2,50,0,1,8,13.1,0.94,1.0,3.8,0.06,0.0,12.8,1.0,1.0,0.0,0.0,0.0
1003,3,50,0,1,7,13.1,0.94,0.667,3.8,0.06,0.333,12.8,1.0,1.0,0.0,0.0,0.0
1004,4,50,0,1,7,13.1,0.94,1.0,3.8,0.06,0.0,12.8,1.0,1.0,0.0,0.0,0.0
1005,5,50,0,1,8,13.1,0.94,1.0,3.8,0.06,0.0,12.8,1.0,1.0,0.0,0.0,0.0
1006,6,50,0,1,8,13.1,0.94,1.0,3.8,0.06,0.0,12.8,1.0,1.0,0.0,0.0,0.0
1007,7,50,0,1,8,13.1,0.94,1.0,3.8,0.06,0.0,12.8,1.0,1.0,0.0,0.0,0.0
1008,8,50,0,1,8,13.1,0.94,1.0,3.8,0.06,0.0,12.8,1.0,1.0,0.0,0.0,0.0
1009,9,50,0,1,8,13.1,0.94,1.0,3.8,0.06,0.0,12.8,1.0,1.0,0.0,0.0,0.0
1010,10,50,0,1,7,13.1,0.94,0.667,3.8,0.06,0.333,12.8,1.0,1.0,0.0,0.0,0.0
1011,11,50,0,1,7,13.1,0.94,0.75,3.8,0.06,0.25,12.8,1.0,1.0,0.0,0.0,0.0
1012,12,50,0,1,7,13.1,0.94,0.5,3.8,0.06,0.5,12.8,1.0,1.0,0.0,0.0,0.0
1013,13,50,0,1,8,13.1,0.94,0.667,3.8,0.06,0.333,12.8,1.0,1.0,0.0,0.0,0.0
1014,14,50,0,1,8,13.1,0.94,1.0,3.8,0.06,0.0,12.8,1.0,1.0,0.0,0.0,0.0
1015,15,50,0,1,7,13.1,0.94,0.5,3.8,0.06,0.5,12.8,1.0,1.0,0.0,0.0,0.0
1016,16,50,0,1,8,13.1,0.94,1.0,3.8,0.06,0.0,12.8,1.0,1.0,0.0,0.0,0.0
1017,17,50,0,1,8,13.1,0.94,1.0,3.8,0.06,0.0,12.8,1.0,1.0,0.0,0.0,0.0
1018,18,50,0,1,8,13.1,0.94,1.0,3.8,0.06,0.0,12.8,1.0,1.0,0.0,0.0,0.0
1019,19,50,0,1,8,13.1,0.94,1.0,3.8,0.06,0.0,12.8,1.0,1.0,0.0,0.0,0.0
1020,0,51,0,0,10,3.5,0.09,0.5,0.1,0.91,0.5,0.5,1.0,1.0,0.0,0.0,0.0
1021,1,51,0,0,31,3.5,0.09,0.154,0.1,0.91,0.846,0.5,1.0,1.0,0.0,0.0,0.0
1022,2,51,0,0,65,3.5,0.09,0.065,0.1,0.91,0.935,0.5,1.0,1.0,0.0,0.0,0.0
1023,3,51,0,1,86,3.5,0.09,0.0,0.1,0.91,1.0,0.5,1.0,1.0,0.0,0.0,0.0
1024,4,51,0,0,10,3.5,0.09,0.286,0.1,0.91,0.714,0.5,1.0,1.0,0.0,0.0,0.0
1025,5,51,0,0,89,3.5,0.09,0.054,0.1,0.91,0.946,0.5,1.0,1.0,0.0,0.0,0.0
1026,6,51,0,0,31,3.5,0.09,0.154,0.1,0.91,0.846,0.5,1.0,1.0,0.0,0.0,0.0
1027,7,51,0,0,92,3.5,0.09,0.05,0.1,0.91,0.95,0.5,1.0,1.0,0.0,0.0,0.0
1028,8,51,0,1,61,3.5,0.09,0.0,0.1,0.91,1.0,0.5,1.0,1.0,0.0,0.0,0.0
1029,9,51,0,0,25,3.5,0.09,0.182,0.1,0.91,0.818,0.5,1.0,1.0,0.0,0.0,0.0
1030,10,51,0,0,40,3.5,0.09,0.118,0.1,0.91,0.882,0.5,1.0,1.0,0.0,0.0,0.0
1031,11,51,0,0,57,3.5,0.09,0.077,0.1,0.91,0.923,0.5,1.0,1.0,0.0,0.0,0.0
1032,12,51,0,0,141,3.5,0.09,0.043,0.1,0.91,0.957,0.5,1.0,1.0,0.0,0.0,0.0
1033,13,51,0,0,81,3.5,0.09,0.064,0.1,0.91,0.936,0.5,1.0,1.0,0.0,0.0,0.0
1034,14,51,0,0,8,3.5,0.09,0.333,0.1,0.91,0.667,0.5,1.0,1.0,0.0,0.0,0.0
1035,15,51,0,0,51,3.5,0.09,0.083,0.1,0.91,0.917,0.5,1.0,1.0,0.0,0.0,0.0
1036,16,51,0,0,10,3.5,0.09,0.4,0.1,0.91,0.6,0.5,1.0,1.0,0.0,0.0,0.0
1037,17,51,0,0,29,3.5,0.09,0.182,0.1,0.91,0.818,0.5,1.0,1.0,0.0,0.0,0.0
1038,18,51,0,0,19,3.5,0.09,0.2,0.1,0.91,0.8,0.5,1.0,1.0,0.0,0.0,0.0
1039,19,51,0,0,40,3.5,0.09,0.118,0.1,0.91,0.882,0.5,1.0,1.0,0.0,0.0,0.0
1040,0,52,0,1,4,25.7,0.1,0.0,8.1,0.9,1.0,11.5,1.0,1.0,0.0,0.0,0.0
1041,1,52,0,1,5,25.7,0.1,0.0,8.1,0.9,1.0,11.5,1.0,1.0,0.0,0.0,0.0
1042,2,52,0,0,5,25.7,0.1,0.5,8.1,0.9,0.5,11.5,1.0,1.0,0.0,0.0,0.0
1043,3,52,0,0,2,25.7,0.1,1.0,8.1,0.9,0.0,11.5,1.0,1.0,0.0,0.0,0.0
1044,4,52,0,1,8,25.7,0.1,0.0,8.1,0.9,1.0,11.5,1.0,1.0,0.0,0.0,0.0
1045,5,52,0,1,4,25.7,0.1,0.0,8.1,0.9,1.0,11.5,1.0,1.0,0.0,0.0,0.0
1046,6,52,0,1,6,25.7,0.1,0.0,8.1,0.9,1.0,11.5,1.0,1.0,0.0,0.0,0.0
1047,7,52,0,0,2,25.7,0.1,1.0,8.1,0.9,0.0,11.5,1.0,1.0,0.0,0.0,0.0
1048,8,52,0,1,5,25.7,0.1,0.0,8.1,0.9,1.0,11.5,1.0,1.0,0.0,0.0,0.0
1049,9,52,0,1,4,25.7,0.1,0.0,8.1,0.9,1.0,11.5,1.0,1.0,0.0,0.0,0.0
1050,10,52,0,1,4,25.7,0.1,0.0,8.1,0.9,1.0,11.5,1.0,1.0,0.0,0.0,0.0
1051,11,52,0,1,9,25.7,0.1,0.0,8.1,0.9,1.0,11.5,1.0,1.0,0.0,0.0,0.0
1052,12,52,0,1,9,25.7,0.1,0.0,8.1,0.9,1.0,11.5,1.0,1.0,0.0,0.0,0.0
1053,13,52,0,0,5,25.7,0.1,0.333,8.1,0.9,0.667,11.5,1.0,1.0,0.0,0.0,0.0
1054,14,52,0,1,5,25.7,0.1,0.0,8.1,0.9,1.0,11.5,1.0,1.0,0.0,0.0,0.0
1055,15,52,0,1,5,25.7,0.1,0.0,8.1,0.9,1.0,11.5,1.0,1.0,0.0,0.0,0.0
1056,16,52,0,1,5,25.7,0.1,0.0,8.1,0.9,1.0,11.5,1.0,1.0,0.0,0.0,0.0
1057,17,52,0,1,9,25.7,0.1,0.0,8.1,0.9,1.0,11.5,1.0,1.0,0.0,0.0,0.0
1058,18,52,0,0,7,25.7,0.1,0.333,8.1,0.9,0.667,11.5,1.0,1.0,0.0,0.0,0.0
1059,19,52,0,1,4,25.7,0.1,0.0,8.1,0.9,1.0,11.5,1.0,1.0,0.0,0.0,0.0
1060,0,53,0,0,59,16.5,0.01,0.0,6.9,0.99,1.0,7.0,1.0,1.0,0.0,0.0,0.0
1061,1,53,0,0,60,16.5,0.01,0.0,6.9,0.99,1.0,7.0,1.0,1.0,0.0,0.0,0.0
1062,2,53,0,0,177,16.5,0.01,0.011,6.9,0.99,0.989,7.0,1.0,1.0,0.0,0.0,0.0
1063,3,53,0,0,134,16.5,0.01,0.0,6.9,0.99,1.0,7.0,1.0,1.0,0.0,0.0,0.0
1064,4,53,0,0,40,16.5,0.01,0.053,6.9,0.99,0.947,7.0,1.0,1.0,0.0,0.0,0.0
1065,5,53,0,0,90,16.5,0.01,0.0,6.9,0.99,1.0,7.0,1.0,1.0,0.0,0.0,0.0
1066,6,53,0,0,101,16.5,0.01,0.02,6.9,0.99,0.98,7.0,1.0,1.0,0.0,0.0,0.0
1067,7,53,0,1,50,16.5,0.01,0.0,6.9,0.99,1.0,7.0,1.0,1.0,0.0,0.0,0.0
1068,8,53,0,0,33,16.5,0.01,0.056,6.9,0.99,0.944,7.0,1.0,1.0,0.0,0.0,0.0
1069,9,53,0,0,41,16.5,0.01,0.048,6.9,0.99,0.952,7.0,1.0,1.0,0.0,0.0,0.0
1070,10,53,0,1,75,16.5,0.01,0.0,6.9,0.99,1.0,7.0,1.0,1.0,0.0,0.0,0.0
1071,11,53,0,0,135,16.5,0.01,0.0,6.9,0.99,1.0,7.0,1.0,1.0,0.0,0.0,0.0
1072,12,53,0,0,200,16.5,0.01,0.0,6.9,0.99,1.0,7.0,1.0,1.0,0.0,0.0,0.0
1073,13,53,0,0,92,16.5,0.01,0.0,6.9,0.99,1.0,7.0,1.0,1.0,0.0,0.0,0.0
1074,14,53,0,0,68,16.5,0.01,0.0,6.9,0.99,1.0,7.0,1.0,1.0,0.0,0.0,0.0
1075,15,53,0,0,175,16.5,0.01,0.01,6.9,0.99,0.99,7.0,1.0,1.0,0.0,0.0,0.0
1076,16,53,0,0,200,16.5,0.01,0.0,6.9,0.99,1.0,7.0,1.0,1.0,0.0,0.0,0.0
1077,17,53,0,0,19,16.5,0.01,0.111,6.9,0.99,0.889,7.0,1.0,1.0,0.0,0.0,0.0
1078,18,53,0,0,39,16.5,0.01,0.059,6.9,0.99,0.941,7.0,1.0,1.0,0.0,0.0,0.0
1079,19,53,0,0,79,16.5,0.01,0.022,6.9,0.99,0.978,7.0,1.0,1.0,0.0,0.0,0.0
1080,0,54,0,0,14,11.0,1.0,1.0,0.0,0.0,0.0,11.4,0.97,1.0,1.9,0.03,0.0
1081,1,54,0,0,14,11.0,1.0,1.0,0.0,0.0,0.0,11.4,0.97,1.0,1.9,0.03,0.0
1082,2,54,0,0,14,11.0,1.0,1.0,0.0,0.0,0.0,11.4,0.97,1.0,1.9,0.03,0.0
1083,3,54,0,0,14,11.0,1.0,1.0,0.0,0.0,0.0,11.4,0.97,1.0,1.9,0.03,0.0
1084,4,54,0,0,14,11.0,1.0,1.0,0.0,0.0,0.0,11.4,0.97,1.0,1.9,0.03,0.0
1085,5,54,0,0,14,11.0,1.0,1.0,0.0,0.0,0.0,11.4,0.97,1.0,1.9,0.03,0.0
1086,6,54,0,0,14,11.0,1.0,1.0,0.0,0.0,0.0,11.4,0.97,1.0,1.9,0.03,0.0
1087,7,54,0,0,14,11.0,1.0,1.0,0.0,0.0,0.0,11.4,0.97,1.0,1.9,0.03,0.0
1088,8,54,0,0,14,11.0,1.0,1.0,0.0,0.0,0.0,11.4,0.97,1.0,1.9,0.03,0.0
1089,9,54,0,0,14,11.0,1.0,1.0,0.0,0.0,0.0,11.4,0.97,1.0,1.9,0.03,0.0
1090,10,54,0,0,14,11.0,1.0,1.0,0.0,0.0,0.0,11.4,0.97,1.0,1.9,0.03,0.0
1091,11,54,0,0,14,11.0,1.0,1.0,0.0,0.0,0.0,11.4,0.97,1.0,1.9,0.03,0.0
1092,12,54,0,0,15,11.0,1.0,1.0,0.0,0.0,0.0,11.4,0.97,1.0,1.9,0.03,0.0
1093,13,54,0,0,14,11.0,1.0,1.0,0.0,0.0,0.0,11.4,0.97,1.0,1.9,0.03,0.0
1094,14,54,0,0,14,11.0,1.0,1.0,0.0,0.0,0.0,11.4,0.97,1.0,1.9,0.03,0.0
1095,15,54,0,0,15,11.0,1.0,1.0,0.0,0.0,0.0,11.4,0.97,1.0,1.9,0.03,0.0
1096,16,54,0,0,14,11.0,1.0,1.0,0.0,0.0,0.0,11.4,0.97,0.875,1.9,0.03,0.125
1097,17,54,0,0,9,11.0,1.0,1.0,0.0,0.0,0.0,11.4,0.97,0.667,1.9,0.03,0.333
1098,18,54,0,0,14,11.0,1.0,1.0,0.0,0.0,0.0,11.4,0.97,1.0,1.9,0.03,0.0
1099,19,54,0,0,14,11.0,1.0,1.0,0.0,0.0,0.0,11.4,0.97,1.0,1.9,0.03,0.0
1100,0,55,0,0,5,25.2,1.0,1.0,0.0,0.0,0.0,26.5,0.94,1.0,8.3,0.06,0.0
1101,1,55,0,0,6,25.2,1.0,1.0,0.0,0.0,0.0,26.5,0.94,0.667,8.3,0.06,0.333
1102,2,55,0,0,5,25.2,1.0,1.0,0.0,0.0,0.0,26.5,0.94,1.0,8.3,0.06,0.0
1103,3,55,0,0,5,25.2,1.0,1.0,0.0,0.0,0.0,26.5,0.94,1.0,8.3,0.06,0.0
1104,4,55,0,0,5,25.2,1.0,1.0,0.0,0.0,0.0,26.5,0.94,1.0,8.3,0.06,0.0
1105,5,55,0,0,5,25.2,1.0,1.0,0.0,0.0,0.0,26.5,0.94,1.0,8.3,0.06,0.0
1106,6,55,0,0,5,25.2,1.0,1.0,0.0,0.0,0.0,26.5,0.94,1.0,8.3,0.06,0.0
1107,7,55,0,0,5,25.2,1.0,1.0,0.0,0.0,0.0,26.5,0.94,1.0,8.3,0.06,0.0
1108,8,55,0,0,5,25.2,1.0,1.0,0.0,0.0,0.0,26.5,0.94,1.0,8.3,0.06,0.0
1109,9,55,0,0,5,25.2,1.0,1.0,0.0,0.0,0.0,26.5,0.94,1.0,8.3,0.06,0.0
1110,10,55,0,0,5,25.2,1.0,1.0,0.0,0.0,0.0,26.5,0.94,1.0,8.3,0.06,0.0
1111,11,55,0,0,5,25.2,1.0,1.0,0.0,0.0,0.0,26.5,0.94,1.0,8.3,0.06,0.0
1112,12,55,0,0,6,25.2,1.0,1.0,0.0,0.0,0.0,26.5,0.94,0.667,8.3,0.06,0.333
1113,13,55,0,0,6,25.2,1.0,1.0,0.0,0.0,0.0,26.5,0.94,0.5,8.3,0.06,0.5
1114,14,55,0,0,5,25.2,1.0,1.0,0.0,0.0,0.0,26.5,0.94,1.0,8.3,0.06,0.0
1115,15,55,0,0,5,25.2,1.0,1.0,0.0,0.0,0.0,26.5,0.94,1.0,8.3,0.06,0.0
1116,16,55,0,0,5,25.2,1.0,1.0,0.0,0.0,0.0,26.5,0.94,1.0,8.3,0.06,0.0
1117,17,55,0,0,5,25.2,1.0,1.0,0.0,0.0,0.0,26.5,0.94,1.0,8.3,0.06,0.0
1118,18,55,0,0,5,25.2,1.0,1.0,0.0,0.0,0.0,26.5,0.94,1.0,8.3,0.06,0.0
1119,19,55,0,0,5,25.2,1.0,1.0,0.0,0.0,0.0,26.5,0.94,1.0,8.3,0.06,0.0
1120,0,56,0,1,17,7.9,1.0,1.0,0.0,0.0,0.0,11.5,0.6,1.0,3.7,0.4,0.0
1121,1,56,0,0,23,7.9,1.0,1.0,0.0,0.0,0.0,11.5,0.6,0.5,3.7,0.4,0.5
1122,2,56,0,1,43,7.9,1.0,1.0,0.0,0.0,0.0,11.5,0.6,0.762,3.7,0.4,0.238
1123,3,56,0,0,46,7.9,1.0,1.0,0.0,0.0,0.0,11.5,0.6,0.6,3.7,0.4,0.4
1124,4,56,0,0,25,7.9,1.0,1.0,0.0,0.0,0.0,11.5,0.6,0.5,3.7,0.4,0.5
1125,5,56,0,0,16,7.9,1.0,1.0,0.0,0.0,0.0,11.5,0.6,0.429,3.7,0.4,0.571
1126,6,56,0,0,12,7.9,1.0,1.0,0.0,0.0,0.0,11.5,0.6,0.333,3.7,0.4,0.667
1127,7,56,0,0,19,7.9,1.0,1.0,0.0,0.0,0.0,11.5,0.6,0.5,3.7,0.4,0.5
1128,8,56,0,1,6,7.9,1.0,1.0,0.0,0.0,0.0,11.5,0.6,1.0,3.7,0.4,0.0
1129,9,56,0,0,41,7.9,1.0,1.0,0.0,0.0,0.0,11.5,0.6,0.591,3.7,0.4,0.409
1130,10,56,0,0,9,7.9,1.0,1.0,0.0,0.0,0.0,11.5,0.6,0.333,3.7,0.4,0.667
1131,11,56,0,0,4,7.9,1.0,1.0,0.0,0.0,0.0,11.5,0.6,0.0,3.7,0.4,1.0
1132,12,56,0,0,54,7.9,1.0,1.0,0.0,0.0,0.0,11.5,0.6,0.607,3.7,0.4,0.393
1133,13,56,0,0,40,7.9,1.0,1.0,0.0,0.0,0.0,11.5,0.6,0.588,3.7,0.4,0.412
1134,14,56,0,1,9,7.9,1.0,1.0,0.0,0.0,0.0,11.5,0.6,0.875,3.7,0.4,0.125
1135,15,56,0,0,8,7.9,1.0,1.0,0.0,0.0,0.0,11.5,0.6,0.25,3.7,0.4,0.75
1136,16,56,0,0,21,7.9,1.0,1.0,0.0,0.0,0.0,11.5,0.6,0.5,3.7,0.4,0.5
1137,17,56,0,0,10,7.9,1.0,1.0,0.0,0.0,0.0,11.5,0.6,0.333,3.7,0.4,0.667
1138,18,56,0,0,77,7.9,1.0,1.0,0.0,0.0,0.0,11.5,0.6,0.625,3.7,0.4,0.375
1139,19,56,0,1,12,7.9,1.0,1.0,0.0,0.0,0.0,11.5,0.6,0.875,3.7,0.4,0.125
1140,0,57,0,1,13,20.8,0.99,1.0,8.9,0.01,0.0,20.7,1.0,1.0,0.0,0.0,0.0
1141,1,57,0,1,11,20.8,0.99,1.0,8.9,0.01,0.0,20.7,1.0,1.0,0.0,0.0,0.0
1142,2,57,0,1,11,20.8,0.99,1.0,8.9,0.01,0.0,20.7,1.0,1.0,0.0,0.0,0.0
1143,3,57,0,1,12,20.8,0.99,1.0,8.9,0.01,0.0,20.7,1.0,1.0,0.0,0.0,0.0
1144,4,57,0,1,12,20.8,0.99,1.0,8.9,0.01,0.0,20.7,1.0,1.0,0.0,0.0,0.0
1145,5,57,0,1,11,20.8,0.99,1.0,8.9,0.01,0.0,20.7,1.0,1.0,0.0,0.0,0.0
1146,6,57,0,1,11,20.8,0.99,1.0,8.9,0.01,0.0,20.7,1.0,1.0,0.0,0.0,0.0
1147,7,57,0,1,13,20.8,0.99,1.0,8.9,0.01,0.0,20.7,1.0,1.0,0.0,0.0,0.0
1148,8,57,0,1,12,20.8,0.99,1.0,8.9,0.01,0.0,20.7,1.0,1.0,0.0,0.0,0.0
1149,9,57,0,1,12,20.8,0.99,1.0,8.9,0.01,0.0,20.7,1.0,1.0,0.0,0.0,0.0
1150,10,57,0,1,11,20.8,0.99,1.0,8.9,0.01,0.0,20.7,1.0,1.0,0.0,0.0,0.0
1151,11,57,0,1,12,20.8,0.99,1.0,8.9,0.01,0.0,20.7,1.0,1.0,0.0,0.0,0.0
1152,12,57,0,1,12,20.8,0.99,1.0,8.9,0.01,0.0,20.7,1.0,1.0,0.0,0.0,0.0
1153,13,57,0,1,13,20.8,0.99,1.0,8.9,0.01,0.0,20.7,1.0,1.0,0.0,0.0,0.0
1154,14,57,0,1,11,20.8,0.99,1.0,8.9,0.01,0.0,20.7,1.0,1.0,0.0,0.0,0.0
1155,15,57,0,1,12,20.8,0.99,1.0,8.9,0.01,0.0,20.7,1.0,1.0,0.0,0.0,0.0
1156,16,57,0,1,12,20.8,0.99,1.0,8.9,0.01,0.0,20.7,1.0,1.0,0.0,0.0,0.0
1157,17,57,0,1,13,20.8,0.99,1.0,8.9,0.01,0.0,20.7,1.0,1.0,0.0,0.0,0.0
1158,18,57,0,1,11,20.8,0.99,1.0,8.9,0.01,0.0,20.7,1.0,1.0,0.0,0.0,0.0
1159,19,57,0,1,11,20.8,0.99,1.0,8.9,0.01,0.0,20.7,1.0,1.0,0.0,0.0,0.0
1160,0,58,0,0,20,10.1,0.3,0.4,4.2,0.7,0.6,6.0,1.0,1.0,0.0,0.0,0.0
1161,1,58,0,1,62,10.1,0.3,0.207,4.2,0.7,0.793,6.0,1.0,1.0,0.0,0.0,0.0
1162,2,58,0,1,56,10.1,0.3,0.2,4.2,0.7,0.8,6.0,1.0,1.0,0.0,0.0,0.0
1163,3,58,0,0,22,10.1,0.3,0.4,4.2,0.7,0.6,6.0,1.0,1.0,0.0,0.0,0.0
1164,4,58,0,0,13,10.1,0.3,0.5,4.2,0.7,0.5,6.0,1.0,1.0,0.0,0.0,0.0
1165,5,58,0,0,3,10.1,0.3,1.0,4.2,0.7,0.0,6.0,1.0,1.0,0.0,0.0,0.0
1166,6,58,0,1,18,10.1,0.3,0.111,4.2,0.7,0.889,6.0,1.0,1.0,0.0,0.0,0.0
1167,7,58,0,0,11,10.1,0.3,0.667,4.2,0.7,0.333,6.0,1.0,1.0,0.0,0.0,0.0
1168,8,58,0,1,52,10.1,0.3,0.2,4.2,0.7,0.8,6.0,1.0,1.0,0.0,0.0,0.0
1169,9,58,0,1,14,10.1,0.3,0.111,4.2,0.7,0.889,6.0,1.0,1.0,0.0,0.0,0.0
1170,10,58,0,0,10,10.1,0.3,0.6,4.2,0.7,0.4,6.0,1.0,1.0,0.0,0.0,0.0
1171,11,58,0,1,29,10.1,0.3,0.154,4.2,0.7,0.846,6.0,1.0,1.0,0.0,0.0,0.0
1172,12,58,0,0,20,10.1,0.3,0.5,4.2,0.7,0.5,6.0,1.0,1.0,0.0,0.0,0.0
1173,13,58,0,1,13,10.1,0.3,0.0,4.2,0.7,1.0,6.0,1.0,1.0,0.0,0.0,0.0
1174,14,58,0,1,42,10.1,0.3,0.19,4.2,0.7,0.81,6.0,1.0,1.0,0.0,0.0,0.0
1175,15,58,0,0,22,10.1,0.3,0.444,4.2,0.7,0.556,6.0,1.0,1.0,0.0,0.0,0.0
1176,16,58,0,0,13,10.1,0.3,0.5,4.2,0.7,0.5,6.0,1.0,1.0,0.0,0.0,0.0
1177,17,58,0,1,26,10.1,0.3,0.154,4.2,0.7,0.846,6.0,1.0,1.0,0.0,0.0,0.0
1178,18,58,0,1,13,10.1,0.3,0.0,4.2,0.7,1.0,6.0,1.0,1.0,0.0,0.0,0.0
1179,19,58,0,1,11,10.1,0.3,0.0,4.2,0.7,1.0,6.0,1.0,1.0,0.0,0.0,0.0
1180,0,59,0,1,5,8.0,0.92,0.667,0.8,0.08,0.333,7.7,1.0,1.0,0.0,0.0,0.0
1181,1,59,0,1,9,8.0,0.92,1.0,0.8,0.08,0.0,7.7,1.0,1.0,0.0,0.0,0.0
1182,2,59,0,1,11,8.0,0.92,1.0,0.8,0.08,0.0,7.7,1.0,1.0,0.0,0.0,0.0
1183,3,59,0,1,7,8.0,0.92,0.75,0.8,0.08,0.25,7.7,1.0,1.0,0.0,0.0,0.0
1184,4,59,0,1,10,8.0,0.92,1.0,0.8,0.08,0.0,7.7,1.0,1.0,0.0,0.0,0.0
1185,5,59,0,1,10,8.0,0.92,1.0,0.8,0.08,0.0,7.7,1.0,1.0,0.0,0.0,0.0
1186,6,59,0,1,5,8.0,0.92,0.75,0.8,0.08,0.25,7.7,1.0,1.0,0.0,0.0,0.0
1187,7,59,0,1,4,8.0,0.92,0.0,0.8,0.08,1.0,7.7,1.0,1.0,0.0,0.0,0.0
1188,8,59,0,1,10,8.0,0.92,1.0,0.8,0.08,0.0,7.7,1.0,1.0,0.0,0.0,0.0
1189,9,59,0,1,9,8.0,0.92,1.0,0.8,0.08,0.0,7.7,1.0,1.0,0.0,0.0,0.0
1190,10,59,0,1,8,8.0,0.92,0.8,0.8,0.08,0.2,7.7,1.0,1.0,0.0,0.0,0.0
1191,11,59,0,1,9,8.0,0.92,1.0,0.8,0.08,0.0,7.7,1.0,1.0,0.0,0.0,0.0
1192,12,59,0,1,10,8.0,0.92,1.0,0.8,0.08,0.0,7.7,1.0,1.0,0.0,0.0,0.0
1193,13,59,0,1,5,8.0,0.92,0.667,0.8,0.08,0.333,7.7,1.0,1.0,0.0,0.0,0.0
1194,14,59,0,1,5,8.0,0.92,0.667,0.8,0.08,0.333,7.7,1.0,1.0,0.0,0.0,0.0
1195,15,59,0,1,9,8.0,0.92,1.0,0.8,0.08,0.0,7.7,1.0,1.0,0.0,0.0,0.0
1196,16,59,0,1,5,8.0,0.92,0.5,0.8,0.08,0.5,7.7,1.0,1.0,0.0,0.0,0.0
1197,17,59,0,1,4,8.0,0.92,0.333,0.8,0.08,0.667,7.7,1.0,1.0,0.0,0.0,0.0
1198,18,59,0,1,9,8.0,0.92,1.0,0.8,0.08,0.0,7.7,1.0,1.0,0.0,0.0,0.0
1199,19,59,0,1,10,8.0,0.92,1.0,0.8,0.08,0.0,7.7,1.0,1.0,0.0,0.0,0.0
